
Meteorological stations: 
3
3
Prec.    
5608  334269  6.86062e+06  242
5609  334269  6.86062e+06  475
5610  334269  6.86062e+06  625
Temp.    
5608  334269  6.86062e+06  242
5609  334269  6.86062e+06  475
5617  334269  6.86062e+06  625

Common parameters: 
86400
3
3
1.06
1.06
0
1
1
-0.27
-0.27
30
0.00039328
0.007364
0
1
0.2
0
0.05
0
0
0
244

Land surface parameters: 
0.00109315    0.001    0.8    0    0.652504    0.00298912    1    0.01    0.08    0.9    0
1  1  1  1  1  1  1  1  1  
0.000131303    0.000205767    0.8    0    -0.40599    0.0035117    1    0.01    0.08    0.9    0.15
0.663115  0.73407  0.803808  0.885794  0.993703  1.09506  1.19909  1.3274  1.6339  
0.00109315    0.001    0.8    0    0.652504    0.00298912    1    0.01    0.08    0.9    0.15
0.663115  0.73407  0.803808  0.885794  0.993703  1.09506  1.19909  1.3274  1.6339  
0.00109315    0.001    0.8    0    0.652504    0.00298912    1    0.01    0.08    0.9    0
1  1  1  1  1  1  1  1  1  
0.00109315    0.001    0.8    0    0.652504    0.00298912    1    0.01    0.08    0.9    0
1  1  1  1  1  1  1  1  1  
0.00109315    0.001    0.8    0    0.652504    0.00298912    1    0.01    0.08    0.9    0
1  1  1  1  1  1  1  1  1  
0.00109315    0.001    0.8    0    0.652504    0.00298912    1    0.01    0.08    0.9    0
1  1  1  1  1  1  1  1  1  
0.00109315    0.001    0.8    0    0.652504    0.00298912    1    0.01    0.08    0.9    0
1  1  1  1  1  1  1  1  1  
0.00109315    0.001    0.8    0    0.652504    0.00298912    1    0.01    0.08    0.9    0
1  1  1  1  1  1  1  1  1  
0.00109315    0.001    0.8    0    0.652504    0.00298912    1    0.01    0.08    0.9    0
1  1  1  1  1  1  1  1  1  
0.00109315    0.001    0.8    0    0.652504    0.00298912    1    0.01    0.08    0.9    0
1  1  1  1  1  1  1  1  1  
0.00109315    0.001    0.8    0    0.652504    0.00298912    1    0.01    0.08    0.9    0
1  1  1  1  1  1  1  1  1  
0.00109315    0.001    0.8    0    0.652504    0.00298912    1    0.01    0.08    0.9    0
1  1  1  1  1  1  1  1  1  
0.00109315    0.001    0.8    0    0.652504    0.00298912    1    0.01    0.08    0.9    0
1  1  1  1  1  1  1  1  1  
0.00109315    0.001    0.8    0    0.652504    0.00298912    1    0.01    0.08    0.9    0
1  1  1  1  1  1  1  1  1  
0.00109315    0.001    0.8    0    0.652504    0.00298912    1    0.01    0.08    0.9    0
1  1  1  1  1  1  1  1  1  
0.00109315    0.001    0.8    0    0.652504    0.00298912    1    0.01    0.08    0.9    0
1  1  1  1  1  1  1  1  1  
0.00109315    0.001    0.8    0    0.652504    0.00298912    1    0.01    0.08    0.9    0
1  1  1  1  1  1  1  1  1  
0.00109315    0.001    0.8    0    0.652504    0.00298912    1    0.01    0.08    0.9    0
1  1  1  1  1  1  1  1  1  
0.00109315    0.001    0.8    0    0.652504    0.00298912    1    0.01    0.08    0.9    0
1  1  1  1  1  1  1  1  1  
0.00109315    0.001    0.8    0    0.652504    0.00298912    1    0.01    0.08    0.9    0
1  1  1  1  1  1  1  1  1  

Subsurface parameters: 
0.188733    1    1    50    0.172321    1.29114    0.001    0.0030663    0
0.05    1    1    50    0.560245    1.2254    0.00104781    0.00679225    0
0.188733    1    1    50    0.172321    1.29114    0.001    0.0030663    0
0.188733    1    1    50    0.172321    1.29114    0.001    0.0030663    0
0.188733    1    1    50    0.172321    1.29114    0.001    0.0030663    0
0.188733    1    1    50    0.172321    1.29114    0.001    0.0030663    0
0.188733    1    1    50    0.172321    1.29114    0.001    0.0030663    0
0.188733    1    1    50    0.172321    1.29114    0.001    0.0030663    0
0.188733    1    1    50    0.172321    1.29114    0.001    0.0030663    0
0.188733    1    1    50    0.172321    1.29114    0.001    0.0030663    0
0.188733    1    1    50    0.172321    1.29114    0.001    0.0030663    0
0.188733    1    1    50    0.172321    1.29114    0.001    0.0030663    0
0.188733    1    1    50    0.172321    1.29114    0.001    0.0030663    0
0.188733    1    1    50    0.172321    1.29114    0.001    0.0030663    0
0.188733    1    1    50    0.172321    1.29114    0.001    0.0030663    0
0.188733    1    1    50    0.172321    1.29114    0.001    0.0030663    0
0.188733    1    1    50    0.172321    1.29114    0.001    0.0030663    0
0.188733    1    1    50    0.172321    1.29114    0.001    0.0030663    0
0.188733    1    1    50    0.172321    1.29114    0.001    0.0030663    0
0.188733    1    1    50    0.172321    1.29114    0.001    0.0030663    0
0.188733    1    1    50    0.172321    1.29114    0.001    0.0030663    0


Number of landscape elements selected for time series output: 2
0
9

Precipitation and temperature correction for catchments: 
0  1220009  1  0
1220009   precCorr  1    tempCorr  0

    Sub-catchment :  1220009

    Nash-Sutcliffe efficiency                           0.78
    Root mean square error                              54.29
    Bias (volume error)                                 -0.07
    Pearson's product-moment correlation coefficient    0.78


