 Index of grid cells relative to upper left corner of rectangle with no. of rows = 1550 and no. of columns = 1195
          1186970  
          1186971  
          1186995  
          1186996  
          1188163  
          1188164  
          1188165  
          1188166  
          1188167  
          1188170  
          1188190  
          1188191  
          1188192  
          1189358  
          1189359  
          1189360  
          1189361  
          1189362  
          1189363  
          1189364  
          1189365  
          1189366  
          1189367  
          1189385  
          1189386  
          1189387  
          1189388  
          1190553  
          1190554  
          1190555  
          1190556  
          1190557  
          1190558  
          1190559  
          1190560  
          1190561  
          1190562  
          1190580  
          1190581  
          1190582  
          1190583  
          1190584  
          1191748  
          1191749  
          1191750  
          1191751  
          1191752  
          1191753  
          1191754  
          1191755  
          1191756  
          1191757  
          1191776  
          1191777  
          1191778  
          1191779  
          1191780  
          1191781  
          1191782  
          1191783  
          1192944  
          1192945  
          1192946  
          1192947  
          1192948  
          1192949  
          1192950  
          1192951  
          1192952  
          1192953  
          1192971  
          1192972  
          1192973  
          1192974  
          1192975  
          1192976  
          1192977  
          1192978  
          1194139  
          1194140  
          1194141  
          1194142  
          1194143  
          1194144  
          1194145  
          1194146  
          1194147  
          1194148  
          1194149  
          1194158  
          1194159  
          1194166  
          1194167  
          1194168  
          1194169  
          1194170  
          1194171  
          1194172  
          1194173  
          1194174  
          1195334  
          1195335  
          1195336  
          1195337  
          1195338  
          1195339  
          1195340  
          1195341  
          1195342  
          1195343  
          1195344  
          1195345  
          1195346  
          1195347  
          1195349  
          1195352  
          1195353  
          1195354  
          1195355  
          1195361  
          1195362  
          1195363  
          1195364  
          1195365  
          1195366  
          1195367  
          1195368  
          1195369  
          1196529  
          1196530  
          1196531  
          1196532  
          1196533  
          1196534  
          1196535  
          1196536  
          1196537  
          1196538  
          1196539  
          1196540  
          1196541  
          1196542  
          1196543  
          1196544  
          1196545  
          1196546  
          1196547  
          1196548  
          1196549  
          1196550  
          1196555  
          1196556  
          1196557  
          1196558  
          1196559  
          1196560  
          1196561  
          1196562  
          1196563  
          1196564  
          1196565  
          1197722  
          1197723  
          1197724  
          1197725  
          1197726  
          1197727  
          1197728  
          1197729  
          1197730  
          1197731  
          1197732  
          1197733  
          1197734  
          1197735  
          1197736  
          1197737  
          1197738  
          1197739  
          1197740  
          1197741  
          1197742  
          1197743  
          1197744  
          1197745  
          1197746  
          1197750  
          1197751  
          1197752  
          1197753  
          1197754  
          1197755  
          1197756  
          1197757  
          1197758  
          1197759  
          1197760  
          1197761  
          1198916  
          1198917  
          1198918  
          1198919  
          1198920  
          1198921  
          1198922  
          1198923  
          1198924  
          1198925  
          1198926  
          1198927  
          1198928  
          1198929  
          1198930  
          1198931  
          1198932  
          1198933  
          1198934  
          1198935  
          1198936  
          1198937  
          1198938  
          1198939  
          1198940  
          1198941  
          1198942  
          1198945  
          1198946  
          1198947  
          1198948  
          1198949  
          1198950  
          1198951  
          1198952  
          1198953  
          1198954  
          1198955  
          1198956  
          1200111  
          1200112  
          1200113  
          1200114  
          1200115  
          1200116  
          1200117  
          1200118  
          1200119  
          1200120  
          1200121  
          1200122  
          1200123  
          1200124  
          1200125  
          1200126  
          1200127  
          1200128  
          1200129  
          1200130  
          1200131  
          1200132  
          1200133  
          1200134  
          1200135  
          1200136  
          1200137  
          1200140  
          1200141  
          1200142  
          1200143  
          1200144  
          1200145  
          1200146  
          1200147  
          1200148  
          1200149  
          1200150  
          1200151  
          1200152  
          1200153  
          1201306  
          1201307  
          1201308  
          1201309  
          1201310  
          1201311  
          1201312  
          1201313  
          1201314  
          1201315  
          1201316  
          1201317  
          1201318  
          1201319  
          1201320  
          1201321  
          1201322  
          1201323  
          1201324  
          1201325  
          1201326  
          1201327  
          1201328  
          1201329  
          1201330  
          1201331  
          1201332  
          1201333  
          1201334  
          1201335  
          1201336  
          1201337  
          1201338  
          1201339  
          1201340  
          1201341  
          1201342  
          1201343  
          1201344  
          1201345  
          1201346  
          1201347  
          1201348  
          1202498  
          1202499  
          1202500  
          1202501  
          1202502  
          1202503  
          1202504  
          1202505  
          1202506  
          1202507  
          1202508  
          1202509  
          1202510  
          1202511  
          1202512  
          1202513  
          1202514  
          1202515  
          1202516  
          1202517  
          1202518  
          1202519  
          1202520  
          1202521  
          1202522  
          1202523  
          1202524  
          1202525  
          1202526  
          1202527  
          1202528  
          1202529  
          1202530  
          1202531  
          1202532  
          1202533  
          1202534  
          1202535  
          1202536  
          1202537  
          1202538  
          1202539  
          1202540  
          1202541  
          1202542  
          1202543  
          1202545  
          1202546  
          1202547  
          1202548  
          1203689  
          1203690  
          1203691  
          1203692  
          1203693  
          1203694  
          1203695  
          1203696  
          1203697  
          1203698  
          1203699  
          1203700  
          1203701  
          1203702  
          1203703  
          1203704  
          1203705  
          1203706  
          1203707  
          1203708  
          1203709  
          1203710  
          1203711  
          1203712  
          1203713  
          1203714  
          1203715  
          1203716  
          1203717  
          1203718  
          1203719  
          1203720  
          1203721  
          1203722  
          1203723  
          1203724  
          1203725  
          1203726  
          1203727  
          1203728  
          1203729  
          1203730  
          1203731  
          1203732  
          1203733  
          1203734  
          1203735  
          1203736  
          1203737  
          1203738  
          1203740  
          1203741  
          1203742  
          1203743  
          1203744  
          1203745  
          1203748  
          1203749  
          1204884  
          1204885  
          1204886  
          1204887  
          1204888  
          1204889  
          1204890  
          1204891  
          1204892  
          1204893  
          1204894  
          1204895  
          1204896  
          1204897  
          1204898  
          1204899  
          1204900  
          1204901  
          1204902  
          1204903  
          1204904  
          1204905  
          1204906  
          1204907  
          1204908  
          1204909  
          1204910  
          1204911  
          1204912  
          1204913  
          1204914  
          1204915  
          1204916  
          1204917  
          1204918  
          1204919  
          1204920  
          1204921  
          1204922  
          1204923  
          1204924  
          1204925  
          1204926  
          1204927  
          1204928  
          1204929  
          1204930  
          1204931  
          1204932  
          1204933  
          1204934  
          1204935  
          1204936  
          1204937  
          1204938  
          1204939  
          1204940  
          1204941  
          1204942  
          1204943  
          1204944  
          1204945  
          1206078  
          1206079  
          1206080  
          1206081  
          1206082  
          1206083  
          1206084  
          1206085  
          1206086  
          1206087  
          1206088  
          1206089  
          1206090  
          1206091  
          1206092  
          1206093  
          1206094  
          1206095  
          1206096  
          1206097  
          1206098  
          1206099  
          1206100  
          1206101  
          1206102  
          1206103  
          1206104  
          1206105  
          1206106  
          1206107  
          1206108  
          1206109  
          1206110  
          1206111  
          1206112  
          1206113  
          1206114  
          1206115  
          1206116  
          1206117  
          1206118  
          1206119  
          1206120  
          1206121  
          1206122  
          1206123  
          1206124  
          1206125  
          1206126  
          1206127  
          1206128  
          1206129  
          1206130  
          1206131  
          1206132  
          1206133  
          1206134  
          1206135  
          1206136  
          1206137  
          1206138  
          1206139  
          1206140  
          1206141  
          1206142  
          1206143  
          1206144  
          1207268  
          1207269  
          1207271  
          1207272  
          1207273  
          1207274  
          1207275  
          1207276  
          1207277  
          1207278  
          1207279  
          1207280  
          1207281  
          1207282  
          1207283  
          1207284  
          1207285  
          1207286  
          1207287  
          1207288  
          1207289  
          1207290  
          1207291  
          1207292  
          1207293  
          1207294  
          1207295  
          1207296  
          1207297  
          1207298  
          1207299  
          1207300  
          1207301  
          1207302  
          1207303  
          1207304  
          1207305  
          1207306  
          1207307  
          1207308  
          1207309  
          1207310  
          1207311  
          1207312  
          1207313  
          1207314  
          1207315  
          1207316  
          1207317  
          1207318  
          1207319  
          1207320  
          1207321  
          1207322  
          1207323  
          1207324  
          1207325  
          1207326  
          1207327  
          1207328  
          1207329  
          1207330  
          1207331  
          1207332  
          1207333  
          1207334  
          1207335  
          1207336  
          1207337  
          1207338  
          1207339  
          1208462  
          1208463  
          1208464  
          1208465  
          1208466  
          1208467  
          1208468  
          1208469  
          1208470  
          1208471  
          1208472  
          1208473  
          1208474  
          1208475  
          1208476  
          1208477  
          1208478  
          1208479  
          1208480  
          1208481  
          1208482  
          1208483  
          1208484  
          1208485  
          1208486  
          1208487  
          1208488  
          1208489  
          1208490  
          1208491  
          1208492  
          1208493  
          1208494  
          1208495  
          1208496  
          1208497  
          1208498  
          1208499  
          1208500  
          1208501  
          1208502  
          1208503  
          1208504  
          1208505  
          1208506  
          1208507  
          1208508  
          1208509  
          1208510  
          1208511  
          1208512  
          1208513  
          1208514  
          1208515  
          1208516  
          1208517  
          1208518  
          1208519  
          1208520  
          1208521  
          1208522  
          1208523  
          1208524  
          1208525  
          1208526  
          1208527  
          1208528  
          1208529  
          1208530  
          1208531  
          1208532  
          1208533  
          1208534  
          1208535  
          1208537  
          1209655  
          1209656  
          1209657  
          1209658  
          1209659  
          1209660  
          1209661  
          1209662  
          1209663  
          1209664  
          1209665  
          1209666  
          1209667  
          1209668  
          1209669  
          1209670  
          1209671  
          1209672  
          1209673  
          1209674  
          1209675  
          1209676  
          1209677  
          1209678  
          1209679  
          1209680  
          1209681  
          1209682  
          1209683  
          1209684  
          1209685  
          1209686  
          1209687  
          1209688  
          1209689  
          1209690  
          1209691  
          1209692  
          1209693  
          1209694  
          1209695  
          1209696  
          1209697  
          1209698  
          1209699  
          1209700  
          1209701  
          1209702  
          1209703  
          1209704  
          1209705  
          1209706  
          1209707  
          1209708  
          1209709  
          1209710  
          1209711  
          1209712  
          1209713  
          1209714  
          1209715  
          1209716  
          1209717  
          1209718  
          1209719  
          1209720  
          1209721  
          1209722  
          1209723  
          1209724  
          1209725  
          1209726  
          1209727  
          1209728  
          1209729  
          1209730  
          1209731  
          1209732  
          1209735  
          1210851  
          1210852  
          1210853  
          1210854  
          1210855  
          1210856  
          1210857  
          1210858  
          1210859  
          1210860  
          1210861  
          1210862  
          1210863  
          1210864  
          1210865  
          1210866  
          1210867  
          1210868  
          1210869  
          1210870  
          1210871  
          1210872  
          1210873  
          1210874  
          1210875  
          1210876  
          1210877  
          1210878  
          1210879  
          1210880  
          1210881  
          1210882  
          1210883  
          1210884  
          1210885  
          1210886  
          1210887  
          1210888  
          1210889  
          1210890  
          1210891  
          1210892  
          1210893  
          1210894  
          1210895  
          1210896  
          1210897  
          1210898  
          1210899  
          1210900  
          1210901  
          1210902  
          1210903  
          1210904  
          1210905  
          1210906  
          1210907  
          1210908  
          1210909  
          1210910  
          1210911  
          1210912  
          1210913  
          1210914  
          1210915  
          1210916  
          1210917  
          1210918  
          1210919  
          1210920  
          1210921  
          1210922  
          1210923  
          1210924  
          1210925  
          1210926  
          1210927  
          1210928  
          1210929  
          1210930  
          1212046  
          1212047  
          1212048  
          1212049  
          1212050  
          1212051  
          1212052  
          1212053  
          1212054  
          1212055  
          1212056  
          1212057  
          1212058  
          1212059  
          1212060  
          1212061  
          1212062  
          1212063  
          1212064  
          1212065  
          1212066  
          1212067  
          1212068  
          1212069  
          1212070  
          1212071  
          1212072  
          1212073  
          1212074  
          1212075  
          1212076  
          1212077  
          1212078  
          1212079  
          1212080  
          1212081  
          1212082  
          1212083  
          1212084  
          1212085  
          1212086  
          1212087  
          1212088  
          1212089  
          1212090  
          1212091  
          1212092  
          1212093  
          1212094  
          1212095  
          1212096  
          1212097  
          1212098  
          1212099  
          1212100  
          1212101  
          1212102  
          1212103  
          1212104  
          1212105  
          1212106  
          1212107  
          1212108  
          1212109  
          1212110  
          1212111  
          1212112  
          1212113  
          1212114  
          1212115  
          1212116  
          1212117  
          1212118  
          1212119  
          1212120  
          1212121  
          1212122  
          1212123  
          1212124  
          1212125  
          1213242  
          1213243  
          1213244  
          1213245  
          1213246  
          1213247  
          1213248  
          1213249  
          1213250  
          1213251  
          1213252  
          1213253  
          1213254  
          1213255  
          1213256  
          1213257  
          1213258  
          1213259  
          1213260  
          1213261  
          1213262  
          1213263  
          1213264  
          1213265  
          1213266  
          1213267  
          1213268  
          1213269  
          1213270  
          1213271  
          1213272  
          1213273  
          1213274  
          1213275  
          1213276  
          1213277  
          1213278  
          1213279  
          1213280  
          1213281  
          1213282  
          1213283  
          1213284  
          1213285  
          1213286  
          1213287  
          1213288  
          1213289  
          1213290  
          1213291  
          1213292  
          1213293  
          1213294  
          1213295  
          1213296  
          1213297  
          1213298  
          1213299  
          1213300  
          1213301  
          1213302  
          1213303  
          1213304  
          1213305  
          1213306  
          1213307  
          1213308  
          1213309  
          1213310  
          1213311  
          1213312  
          1213313  
          1213314  
          1213315  
          1213316  
          1213317  
          1213318  
          1213319  
          1213320  
          1214437  
          1214438  
          1214439  
          1214440  
          1214441  
          1214442  
          1214443  
          1214444  
          1214445  
          1214446  
          1214447  
          1214448  
          1214449  
          1214450  
          1214451  
          1214452  
          1214453  
          1214454  
          1214455  
          1214456  
          1214457  
          1214458  
          1214459  
          1214460  
          1214461  
          1214462  
          1214463  
          1214464  
          1214465  
          1214466  
          1214467  
          1214468  
          1214469  
          1214470  
          1214471  
          1214472  
          1214473  
          1214474  
          1214475  
          1214476  
          1214477  
          1214478  
          1214479  
          1214480  
          1214481  
          1214482  
          1214483  
          1214484  
          1214485  
          1214486  
          1214487  
          1214488  
          1214489  
          1214490  
          1214491  
          1214492  
          1214493  
          1214494  
          1214495  
          1214496  
          1214497  
          1214498  
          1214499  
          1214500  
          1214501  
          1214502  
          1214503  
          1214504  
          1214505  
          1214506  
          1214507  
          1214508  
          1214509  
          1214510  
          1214511  
          1214512  
          1214513  
          1214514  
          1214515  
          1215632  
          1215633  
          1215634  
          1215635  
          1215636  
          1215637  
          1215638  
          1215639  
          1215640  
          1215641  
          1215642  
          1215643  
          1215644  
          1215645  
          1215646  
          1215647  
          1215648  
          1215649  
          1215650  
          1215651  
          1215652  
          1215653  
          1215654  
          1215655  
          1215656  
          1215657  
          1215658  
          1215659  
          1215660  
          1215661  
          1215662  
          1215663  
          1215664  
          1215665  
          1215666  
          1215667  
          1215668  
          1215669  
          1215670  
          1215671  
          1215672  
          1215673  
          1215674  
          1215675  
          1215676  
          1215677  
          1215678  
          1215679  
          1215680  
          1215681  
          1215682  
          1215683  
          1215684  
          1215685  
          1215686  
          1215687  
          1215688  
          1215689  
          1215690  
          1215691  
          1215692  
          1215693  
          1215694  
          1215695  
          1215696  
          1215697  
          1215698  
          1215699  
          1215700  
          1215701  
          1215702  
          1215703  
          1215704  
          1215705  
          1215706  
          1215707  
          1215708  
          1215709  
          1215710  
          1215711  
          1216827  
          1216828  
          1216829  
          1216830  
          1216831  
          1216832  
          1216833  
          1216834  
          1216835  
          1216836  
          1216837  
          1216838  
          1216839  
          1216840  
          1216841  
          1216842  
          1216843  
          1216844  
          1216845  
          1216846  
          1216847  
          1216848  
          1216849  
          1216850  
          1216851  
          1216852  
          1216853  
          1216854  
          1216855  
          1216856  
          1216857  
          1216858  
          1216859  
          1216860  
          1216861  
          1216862  
          1216863  
          1216864  
          1216865  
          1216866  
          1216867  
          1216868  
          1216869  
          1216870  
          1216871  
          1216872  
          1216873  
          1216874  
          1216875  
          1216876  
          1216877  
          1216878  
          1216879  
          1216880  
          1216881  
          1216882  
          1216883  
          1216884  
          1216885  
          1216886  
          1216887  
          1216888  
          1216889  
          1216890  
          1216891  
          1216892  
          1216893  
          1216894  
          1216895  
          1216896  
          1216897  
          1216898  
          1216899  
          1216900  
          1216901  
          1216902  
          1216903  
          1216904  
          1216905  
          1216906  
          1218025  
          1218026  
          1218027  
          1218028  
          1218029  
          1218030  
          1218031  
          1218032  
          1218033  
          1218034  
          1218035  
          1218036  
          1218037  
          1218038  
          1218039  
          1218040  
          1218041  
          1218042  
          1218043  
          1218044  
          1218045  
          1218046  
          1218047  
          1218048  
          1218049  
          1218050  
          1218051  
          1218052  
          1218053  
          1218054  
          1218055  
          1218056  
          1218057  
          1218058  
          1218059  
          1218060  
          1218061  
          1218062  
          1218063  
          1218064  
          1218065  
          1218066  
          1218067  
          1218068  
          1218069  
          1218070  
          1218071  
          1218072  
          1218073  
          1218074  
          1218075  
          1218076  
          1218077  
          1218078  
          1218079  
          1218080  
          1218081  
          1218082  
          1218083  
          1218084  
          1218085  
          1218086  
          1218087  
          1218088  
          1218089  
          1218090  
          1218091  
          1218092  
          1218093  
          1218094  
          1218095  
          1218096  
          1218097  
          1218098  
          1218099  
          1218100  
          1218101  
          1218102  
          1218103  
          1219220  
          1219221  
          1219222  
          1219223  
          1219224  
          1219225  
          1219226  
          1219227  
          1219228  
          1219229  
          1219230  
          1219231  
          1219232  
          1219233  
          1219234  
          1219235  
          1219236  
          1219237  
          1219238  
          1219239  
          1219240  
          1219241  
          1219242  
          1219243  
          1219244  
          1219245  
          1219246  
          1219247  
          1219248  
          1219249  
          1219250  
          1219251  
          1219252  
          1219253  
          1219254  
          1219255  
          1219256  
          1219257  
          1219258  
          1219259  
          1219260  
          1219261  
          1219262  
          1219263  
          1219264  
          1219265  
          1219266  
          1219267  
          1219268  
          1219269  
          1219270  
          1219271  
          1219272  
          1219273  
          1219274  
          1219275  
          1219276  
          1219277  
          1219278  
          1219279  
          1219280  
          1219281  
          1219282  
          1219283  
          1219284  
          1219285  
          1219286  
          1219287  
          1219288  
          1219289  
          1219290  
          1219291  
          1219292  
          1219293  
          1219294  
          1219295  
          1219296  
          1219297  
          1219298  
          1219299  
          1219300  
          1219301  
          1219302  
          1220415  
          1220416  
          1220417  
          1220418  
          1220419  
          1220420  
          1220421  
          1220422  
          1220423  
          1220424  
          1220425  
          1220426  
          1220427  
          1220428  
          1220429  
          1220430  
          1220431  
          1220432  
          1220433  
          1220434  
          1220435  
          1220436  
          1220437  
          1220438  
          1220439  
          1220440  
          1220441  
          1220442  
          1220443  
          1220444  
          1220445  
          1220446  
          1220447  
          1220448  
          1220449  
          1220450  
          1220451  
          1220452  
          1220453  
          1220454  
          1220455  
          1220456  
          1220457  
          1220458  
          1220459  
          1220460  
          1220461  
          1220462  
          1220463  
          1220464  
          1220465  
          1220466  
          1220467  
          1220468  
          1220469  
          1220470  
          1220471  
          1220472  
          1220473  
          1220474  
          1220475  
          1220476  
          1220477  
          1220478  
          1220479  
          1220480  
          1220481  
          1220482  
          1220483  
          1220484  
          1220485  
          1220486  
          1220487  
          1220488  
          1220489  
          1220490  
          1220491  
          1220492  
          1220493  
          1220494  
          1220495  
          1220496  
          1220497  
          1220498  
          1221611  
          1221612  
          1221613  
          1221614  
          1221615  
          1221616  
          1221617  
          1221618  
          1221619  
          1221620  
          1221621  
          1221622  
          1221623  
          1221624  
          1221625  
          1221626  
          1221627  
          1221628  
          1221629  
          1221630  
          1221631  
          1221632  
          1221633  
          1221634  
          1221635  
          1221636  
          1221637  
          1221638  
          1221639  
          1221640  
          1221641  
          1221642  
          1221643  
          1221644  
          1221645  
          1221646  
          1221647  
          1221648  
          1221649  
          1221650  
          1221651  
          1221652  
          1221653  
          1221654  
          1221655  
          1221656  
          1221657  
          1221658  
          1221659  
          1221660  
          1221661  
          1221662  
          1221663  
          1221664  
          1221665  
          1221666  
          1221667  
          1221668  
          1221669  
          1221670  
          1221671  
          1221672  
          1221673  
          1221674  
          1221675  
          1221676  
          1221677  
          1221678  
          1221679  
          1221680  
          1221681  
          1221682  
          1221683  
          1221684  
          1221685  
          1221686  
          1221687  
          1221688  
          1221689  
          1221690  
          1221691  
          1221692  
          1221693  
          1222806  
          1222807  
          1222809  
          1222813  
          1222814  
          1222815  
          1222816  
          1222817  
          1222818  
          1222819  
          1222820  
          1222821  
          1222822  
          1222823  
          1222824  
          1222825  
          1222826  
          1222827  
          1222828  
          1222829  
          1222830  
          1222831  
          1222832  
          1222833  
          1222834  
          1222835  
          1222836  
          1222837  
          1222838  
          1222839  
          1222840  
          1222841  
          1222842  
          1222843  
          1222844  
          1222845  
          1222846  
          1222847  
          1222848  
          1222849  
          1222850  
          1222851  
          1222852  
          1222853  
          1222854  
          1222855  
          1222856  
          1222857  
          1222858  
          1222859  
          1222860  
          1222861  
          1222862  
          1222863  
          1222864  
          1222865  
          1222866  
          1222867  
          1222868  
          1222869  
          1222870  
          1222871  
          1222872  
          1222873  
          1222874  
          1222875  
          1222876  
          1222877  
          1222878  
          1222879  
          1222880  
          1222881  
          1222882  
          1222883  
          1222884  
          1222885  
          1222886  
          1222887  
          1222888  
          1224009  
          1224010  
          1224011  
          1224012  
          1224013  
          1224014  
          1224015  
          1224016  
          1224017  
          1224018  
          1224019  
          1224020  
          1224021  
          1224022  
          1224023  
          1224024  
          1224025  
          1224026  
          1224027  
          1224028  
          1224029  
          1224030  
          1224031  
          1224032  
          1224033  
          1224034  
          1224035  
          1224036  
          1224037  
          1224038  
          1224039  
          1224040  
          1224041  
          1224042  
          1224043  
          1224044  
          1224045  
          1224046  
          1224047  
          1224048  
          1224049  
          1224050  
          1224051  
          1224052  
          1224053  
          1224054  
          1224055  
          1224056  
          1224057  
          1224058  
          1224059  
          1224060  
          1224061  
          1224062  
          1224063  
          1224064  
          1224065  
          1224066  
          1224067  
          1224068  
          1224069  
          1224070  
          1224071  
          1224072  
          1224073  
          1224074  
          1224075  
          1224076  
          1224077  
          1224078  
          1224079  
          1224080  
          1224081  
          1224082  
          1224083  
          1224084  
          1224085  
          1224086  
          1224087  
          1225203  
          1225204  
          1225205  
          1225206  
          1225207  
          1225208  
          1225209  
          1225210  
          1225211  
          1225212  
          1225213  
          1225214  
          1225215  
          1225216  
          1225217  
          1225218  
          1225219  
          1225220  
          1225221  
          1225222  
          1225223  
          1225224  
          1225225  
          1225226  
          1225227  
          1225228  
          1225229  
          1225230  
          1225231  
          1225232  
          1225233  
          1225234  
          1225235  
          1225236  
          1225237  
          1225238  
          1225239  
          1225240  
          1225241  
          1225242  
          1225243  
          1225244  
          1225245  
          1225246  
          1225247  
          1225248  
          1225249  
          1225250  
          1225251  
          1225252  
          1225253  
          1225254  
          1225255  
          1225256  
          1225257  
          1225258  
          1225259  
          1225260  
          1225261  
          1225262  
          1225263  
          1225264  
          1225265  
          1225266  
          1225267  
          1225268  
          1225269  
          1225270  
          1225271  
          1225272  
          1225273  
          1225274  
          1225275  
          1225276  
          1225277  
          1225278  
          1225279  
          1225280  
          1225281  
          1225282  
          1226398  
          1226399  
          1226400  
          1226401  
          1226402  
          1226403  
          1226404  
          1226405  
          1226406  
          1226407  
          1226408  
          1226409  
          1226410  
          1226411  
          1226412  
          1226413  
          1226414  
          1226415  
          1226416  
          1226417  
          1226418  
          1226419  
          1226420  
          1226421  
          1226422  
          1226423  
          1226424  
          1226425  
          1226426  
          1226427  
          1226428  
          1226429  
          1226430  
          1226431  
          1226432  
          1226433  
          1226434  
          1226435  
          1226436  
          1226437  
          1226438  
          1226439  
          1226440  
          1226441  
          1226442  
          1226443  
          1226444  
          1226445  
          1226446  
          1226447  
          1226448  
          1226449  
          1226450  
          1226451  
          1226452  
          1226453  
          1226454  
          1226455  
          1226456  
          1226457  
          1226458  
          1226459  
          1226460  
          1226461  
          1226462  
          1226463  
          1226464  
          1226465  
          1226466  
          1226467  
          1226468  
          1226469  
          1226470  
          1226471  
          1226472  
          1226473  
          1226474  
          1226475  
          1226476  
          1226477  
          1227593  
          1227594  
          1227595  
          1227596  
          1227597  
          1227598  
          1227599  
          1227600  
          1227601  
          1227602  
          1227603  
          1227604  
          1227605  
          1227606  
          1227607  
          1227608  
          1227609  
          1227610  
          1227611  
          1227612  
          1227613  
          1227614  
          1227615  
          1227616  
          1227617  
          1227618  
          1227619  
          1227620  
          1227621  
          1227622  
          1227623  
          1227624  
          1227625  
          1227626  
          1227627  
          1227628  
          1227629  
          1227630  
          1227631  
          1227632  
          1227633  
          1227634  
          1227635  
          1227636  
          1227637  
          1227638  
          1227639  
          1227640  
          1227641  
          1227642  
          1227643  
          1227644  
          1227645  
          1227646  
          1227647  
          1227648  
          1227649  
          1227650  
          1227651  
          1227652  
          1227653  
          1227654  
          1227655  
          1227656  
          1227657  
          1227658  
          1227659  
          1227660  
          1227661  
          1227662  
          1227663  
          1227664  
          1227665  
          1227666  
          1227667  
          1227668  
          1227669  
          1227670  
          1227671  
          1227672  
          1228788  
          1228789  
          1228790  
          1228791  
          1228792  
          1228793  
          1228794  
          1228795  
          1228796  
          1228797  
          1228798  
          1228799  
          1228800  
          1228801  
          1228802  
          1228803  
          1228804  
          1228805  
          1228806  
          1228807  
          1228808  
          1228809  
          1228810  
          1228811  
          1228812  
          1228813  
          1228814  
          1228815  
          1228816  
          1228817  
          1228818  
          1228819  
          1228820  
          1228821  
          1228822  
          1228823  
          1228824  
          1228825  
          1228826  
          1228827  
          1228828  
          1228829  
          1228830  
          1228831  
          1228832  
          1228833  
          1228834  
          1228835  
          1228836  
          1228837  
          1228838  
          1228839  
          1228840  
          1228841  
          1228842  
          1228843  
          1228844  
          1228845  
          1228846  
          1228847  
          1228848  
          1228849  
          1228850  
          1228851  
          1228852  
          1228853  
          1228854  
          1228855  
          1228856  
          1228857  
          1228858  
          1228859  
          1228860  
          1228861  
          1228862  
          1228863  
          1228864  
          1228865  
          1228866  
          1228867  
          1229984  
          1229985  
          1229986  
          1229987  
          1229988  
          1229989  
          1229990  
          1229991  
          1229992  
          1229993  
          1229994  
          1229995  
          1229996  
          1229997  
          1229998  
          1229999  
          1230000  
          1230001  
          1230002  
          1230003  
          1230004  
          1230005  
          1230006  
          1230007  
          1230008  
          1230009  
          1230010  
          1230011  
          1230012  
          1230013  
          1230014  
          1230015  
          1230016  
          1230017  
          1230018  
          1230019  
          1230020  
          1230021  
          1230022  
          1230023  
          1230024  
          1230025  
          1230026  
          1230027  
          1230028  
          1230029  
          1230030  
          1230031  
          1230032  
          1230033  
          1230034  
          1230035  
          1230036  
          1230037  
          1230038  
          1230039  
          1230040  
          1230041  
          1230042  
          1230043  
          1230044  
          1230045  
          1230046  
          1230047  
          1230048  
          1230049  
          1230050  
          1230051  
          1230052  
          1230053  
          1230054  
          1230055  
          1230056  
          1230057  
          1230058  
          1230059  
          1230060  
          1230061  
          1230062  
          1230063  
          1231179  
          1231180  
          1231181  
          1231182  
          1231183  
          1231184  
          1231185  
          1231186  
          1231187  
          1231188  
          1231189  
          1231190  
          1231191  
          1231192  
          1231193  
          1231194  
          1231195  
          1231196  
          1231197  
          1231198  
          1231199  
          1231200  
          1231201  
          1231202  
          1231203  
          1231204  
          1231205  
          1231206  
          1231207  
          1231208  
          1231209  
          1231210  
          1231211  
          1231212  
          1231213  
          1231214  
          1231215  
          1231216  
          1231217  
          1231218  
          1231219  
          1231220  
          1231221  
          1231222  
          1231223  
          1231224  
          1231225  
          1231226  
          1231227  
          1231228  
          1231229  
          1231230  
          1231231  
          1231232  
          1231233  
          1231234  
          1231235  
          1231236  
          1231237  
          1231238  
          1231239  
          1231240  
          1231241  
          1231242  
          1231243  
          1231244  
          1231245  
          1231246  
          1231247  
          1231248  
          1231249  
          1231250  
          1231251  
          1231252  
          1231253  
          1231254  
          1231255  
          1231256  
          1231257  
          1231258  
          1232374  
          1232375  
          1232376  
          1232377  
          1232378  
          1232379  
          1232380  
          1232381  
          1232382  
          1232383  
          1232384  
          1232385  
          1232386  
          1232387  
          1232388  
          1232389  
          1232390  
          1232391  
          1232392  
          1232393  
          1232394  
          1232395  
          1232396  
          1232397  
          1232398  
          1232399  
          1232400  
          1232401  
          1232402  
          1232403  
          1232404  
          1232405  
          1232406  
          1232407  
          1232408  
          1232409  
          1232410  
          1232411  
          1232412  
          1232413  
          1232414  
          1232415  
          1232416  
          1232417  
          1232418  
          1232419  
          1232420  
          1232421  
          1232422  
          1232423  
          1232424  
          1232425  
          1232426  
          1232427  
          1232428  
          1232429  
          1232430  
          1232431  
          1232432  
          1232433  
          1232434  
          1232435  
          1232436  
          1232437  
          1232438  
          1232439  
          1232440  
          1232441  
          1232442  
          1232443  
          1232444  
          1232445  
          1232446  
          1232447  
          1232448  
          1232449  
          1232450  
          1232451  
          1232452  
          1233570  
          1233571  
          1233572  
          1233573  
          1233574  
          1233575  
          1233576  
          1233577  
          1233578  
          1233579  
          1233580  
          1233581  
          1233582  
          1233583  
          1233584  
          1233585  
          1233586  
          1233587  
          1233588  
          1233589  
          1233590  
          1233591  
          1233592  
          1233593  
          1233594  
          1233595  
          1233596  
          1233597  
          1233598  
          1233599  
          1233600  
          1233601  
          1233602  
          1233603  
          1233604  
          1233605  
          1233606  
          1233607  
          1233608  
          1233609  
          1233610  
          1233611  
          1233612  
          1233613  
          1233614  
          1233615  
          1233616  
          1233617  
          1233618  
          1233619  
          1233620  
          1233621  
          1233622  
          1233623  
          1233624  
          1233625  
          1233626  
          1233627  
          1233628  
          1233629  
          1233630  
          1233631  
          1233632  
          1233633  
          1233634  
          1233635  
          1233636  
          1233637  
          1233638  
          1233639  
          1233640  
          1233641  
          1233642  
          1233643  
          1233644  
          1233645  
          1233646  
          1233647  
          1234765  
          1234766  
          1234767  
          1234768  
          1234769  
          1234770  
          1234771  
          1234772  
          1234773  
          1234774  
          1234775  
          1234776  
          1234777  
          1234778  
          1234779  
          1234780  
          1234781  
          1234782  
          1234783  
          1234784  
          1234785  
          1234786  
          1234787  
          1234788  
          1234789  
          1234790  
          1234791  
          1234792  
          1234793  
          1234794  
          1234795  
          1234796  
          1234797  
          1234798  
          1234799  
          1234800  
          1234801  
          1234802  
          1234803  
          1234804  
          1234805  
          1234806  
          1234807  
          1234808  
          1234809  
          1234810  
          1234811  
          1234812  
          1234813  
          1234814  
          1234815  
          1234816  
          1234817  
          1234818  
          1234819  
          1234820  
          1234821  
          1234822  
          1234823  
          1234824  
          1234825  
          1234826  
          1234827  
          1234828  
          1234829  
          1234830  
          1234831  
          1234832  
          1234833  
          1234834  
          1234835  
          1234836  
          1234837  
          1234838  
          1234839  
          1234840  
          1234841  
          1234842  
          1234843  
          1235961  
          1235962  
          1235963  
          1235964  
          1235965  
          1235966  
          1235967  
          1235968  
          1235969  
          1235970  
          1235971  
          1235972  
          1235973  
          1235974  
          1235975  
          1235976  
          1235977  
          1235978  
          1235979  
          1235980  
          1235981  
          1235982  
          1235983  
          1235984  
          1235985  
          1235986  
          1235987  
          1235988  
          1235989  
          1235990  
          1235991  
          1235992  
          1235993  
          1235994  
          1235995  
          1235996  
          1235997  
          1235998  
          1235999  
          1236000  
          1236001  
          1236002  
          1236003  
          1236004  
          1236005  
          1236006  
          1236007  
          1236008  
          1236009  
          1236010  
          1236011  
          1236012  
          1236013  
          1236014  
          1236015  
          1236016  
          1236017  
          1236018  
          1236019  
          1236020  
          1236021  
          1236022  
          1236023  
          1236024  
          1236025  
          1236026  
          1236027  
          1236028  
          1236029  
          1236030  
          1236031  
          1236032  
          1236033  
          1236034  
          1236035  
          1236036  
          1236037  
          1236038  
          1236039  
          1237156  
          1237157  
          1237158  
          1237159  
          1237160  
          1237161  
          1237162  
          1237163  
          1237164  
          1237165  
          1237166  
          1237167  
          1237168  
          1237169  
          1237170  
          1237171  
          1237172  
          1237173  
          1237174  
          1237175  
          1237176  
          1237177  
          1237178  
          1237179  
          1237180  
          1237181  
          1237182  
          1237183  
          1237184  
          1237185  
          1237186  
          1237187  
          1237188  
          1237189  
          1237190  
          1237191  
          1237192  
          1237193  
          1237194  
          1237195  
          1237196  
          1237197  
          1237198  
          1237199  
          1237200  
          1237201  
          1237202  
          1237203  
          1237204  
          1237205  
          1237206  
          1237207  
          1237208  
          1237209  
          1237210  
          1237211  
          1237212  
          1237213  
          1237214  
          1237215  
          1237216  
          1237217  
          1237218  
          1237219  
          1237220  
          1237225  
          1237226  
          1237227  
          1237228  
          1237229  
          1237230  
          1237231  
          1237232  
          1237233  
          1237234  
          1238351  
          1238352  
          1238353  
          1238354  
          1238355  
          1238356  
          1238357  
          1238358  
          1238359  
          1238360  
          1238361  
          1238362  
          1238363  
          1238364  
          1238365  
          1238366  
          1238367  
          1238368  
          1238369  
          1238370  
          1238371  
          1238372  
          1238373  
          1238374  
          1238375  
          1238376  
          1238377  
          1238378  
          1238379  
          1238380  
          1238381  
          1238382  
          1238383  
          1238384  
          1238385  
          1238386  
          1238387  
          1238388  
          1238389  
          1238390  
          1238391  
          1238392  
          1238393  
          1238394  
          1238395  
          1238396  
          1238397  
          1238398  
          1238399  
          1238400  
          1238401  
          1238402  
          1238403  
          1238404  
          1238405  
          1238406  
          1238407  
          1238408  
          1238409  
          1238410  
          1238412  
          1238414  
          1238422  
          1238423  
          1238424  
          1238425  
          1238426  
          1238429  
          1239546  
          1239547  
          1239548  
          1239549  
          1239550  
          1239551  
          1239552  
          1239553  
          1239554  
          1239555  
          1239556  
          1239557  
          1239558  
          1239559  
          1239560  
          1239561  
          1239562  
          1239563  
          1239564  
          1239565  
          1239566  
          1239567  
          1239568  
          1239569  
          1239570  
          1239571  
          1239572  
          1239573  
          1239574  
          1239575  
          1239576  
          1239577  
          1239578  
          1239579  
          1239580  
          1239581  
          1239582  
          1239583  
          1239584  
          1239585  
          1239586  
          1239587  
          1239588  
          1239589  
          1239590  
          1239591  
          1239592  
          1239593  
          1239594  
          1239595  
          1239596  
          1239597  
          1239598  
          1239599  
          1239600  
          1239601  
          1239602  
          1239603  
          1239604  
          1239605  
          1239617  
          1239618  
          1239619  
          1239620  
          1240744  
          1240745  
          1240746  
          1240747  
          1240748  
          1240749  
          1240750  
          1240751  
          1240752  
          1240753  
          1240754  
          1240755  
          1240756  
          1240757  
          1240758  
          1240759  
          1240760  
          1240761  
          1240762  
          1240763  
          1240764  
          1240765  
          1240766  
          1240767  
          1240768  
          1240769  
          1240770  
          1240771  
          1240772  
          1240773  
          1240774  
          1240775  
          1240776  
          1240777  
          1240778  
          1240779  
          1240780  
          1240781  
          1240782  
          1240783  
          1240784  
          1240785  
          1240786  
          1240787  
          1240788  
          1240789  
          1240790  
          1240791  
          1240792  
          1240793  
          1240794  
          1240795  
          1240796  
          1240797  
          1240798  
          1240799  
          1240800  
          1240813  
          1241939  
          1241940  
          1241941  
          1241942  
          1241943  
          1241944  
          1241945  
          1241946  
          1241947  
          1241948  
          1241949  
          1241950  
          1241951  
          1241952  
          1241953  
          1241954  
          1241955  
          1241956  
          1241957  
          1241958  
          1241959  
          1241960  
          1241961  
          1241962  
          1241963  
          1241964  
          1241965  
          1241966  
          1241967  
          1241968  
          1241969  
          1241970  
          1241971  
          1241972  
          1241973  
          1241974  
          1241975  
          1241976  
          1241977  
          1241978  
          1241979  
          1241980  
          1241981  
          1241982  
          1241983  
          1241984  
          1241985  
          1241986  
          1241987  
          1241988  
          1241989  
          1241990  
          1241991  
          1241992  
          1241993  
          1241994  
          1243135  
          1243136  
          1243137  
          1243138  
          1243139  
          1243140  
          1243141  
          1243142  
          1243143  
          1243144  
          1243145  
          1243146  
          1243147  
          1243148  
          1243149  
          1243150  
          1243151  
          1243152  
          1243153  
          1243154  
          1243155  
          1243156  
          1243157  
          1243158  
          1243159  
          1243160  
          1243161  
          1243162  
          1243163  
          1243164  
          1243165  
          1243166  
          1243167  
          1243168  
          1243169  
          1243170  
          1243171  
          1243172  
          1243173  
          1243174  
          1243175  
          1243176  
          1243177  
          1243178  
          1243179  
          1243180  
          1243181  
          1243182  
          1243185  
          1243186  
          1243187  
          1243188  
          1244332  
          1244333  
          1244334  
          1244335  
          1244336  
          1244337  
          1244338  
          1244339  
          1244340  
          1244341  
          1244342  
          1244343  
          1244344  
          1244345  
          1244346  
          1244347  
          1244348  
          1244349  
          1244350  
          1244351  
          1244352  
          1244353  
          1244354  
          1244355  
          1244356  
          1244357  
          1244358  
          1244359  
          1244360  
          1244361  
          1244362  
          1244363  
          1244364  
          1244365  
          1244366  
          1244367  
          1244368  
          1244369  
          1244370  
          1244371  
          1244372  
          1244373  
          1244374  
          1244375  
          1244376  
          1244377  
          1244382  
          1244383  
          1245527  
          1245528  
          1245529  
          1245530  
          1245531  
          1245532  
          1245533  
          1245534  
          1245535  
          1245536  
          1245537  
          1245538  
          1245539  
          1245540  
          1245541  
          1245542  
          1245546  
          1245547  
          1245548  
          1245549  
          1245550  
          1245551  
          1245552  
          1245553  
          1245554  
          1245555  
          1245556  
          1245557  
          1245558  
          1245559  
          1245560  
          1245561  
          1245562  
          1245563  
          1245565  
          1245566  
          1245567  
          1245568  
          1245569  
          1245570  
          1246722  
          1246723  
          1246724  
          1246725  
          1246726  
          1246731  
          1246732  
          1246733  
          1246734  
          1246735  
          1246741  
          1246742  
          1246743  
          1246745  
          1246746  
          1246747  
          1246750  
          1246751  
          1246752  
          1246753  
          1246754  
          1246755  
          1246756  
          1246757  
          1246758  
          1246761  
          1246762  
          1246763  
          1246764  
          1246765  
          1247917  
          1247918  
          1247919  
          1247920  
          1247921  
          1247928  
          1247929  
          1247935  
          1247936  
          1247937  
          1247940  
          1247941  
          1247942  
          1247945  
          1247946  
          1247947  
          1247948  
          1247949  
          1247950  
          1247951  
          1247952  
          1247957  
          1247958  
          1247959  
          1247960  
          1249130  
          1249131  
          1249132  
          1249141  
          1249142  
          1249143  
          1249144  
          1249145  
          1249146  
          1249152  
          1249153  
          1250326  
          1250336  
          1250337  
          1250338  
          1250339  
          1250340  
          1250341  
          1251533  
          1251535  
