#  1220009  #  2427
0  1186970
1  1186971
2  1186995
3  1186996
4  1188163
5  1188164
6  1188165
7  1188166
8  1188167
9  1188170
10  1188190
11  1188191
12  1188192
13  1189358
14  1189359
15  1189360
16  1189361
17  1189362
18  1189363
19  1189364
20  1189365
21  1189366
22  1189367
23  1189385
24  1189386
25  1189387
26  1189388
27  1190553
28  1190554
29  1190555
30  1190556
31  1190557
32  1190558
33  1190559
34  1190560
35  1190561
36  1190562
37  1190580
38  1190581
39  1190582
40  1190583
41  1190584
42  1191748
43  1191749
44  1191750
45  1191751
46  1191752
47  1191753
48  1191754
49  1191755
50  1191756
51  1191757
52  1191776
53  1191777
54  1191778
55  1191779
56  1191780
57  1191781
58  1191782
59  1191783
60  1192944
61  1192945
62  1192946
63  1192947
64  1192948
65  1192949
66  1192950
67  1192951
68  1192952
69  1192953
70  1192971
71  1192972
72  1192973
73  1192974
74  1192975
75  1192976
76  1192977
77  1192978
78  1194139
79  1194140
80  1194141
81  1194142
82  1194143
83  1194144
84  1194145
85  1194146
86  1194147
87  1194148
88  1194149
89  1194158
90  1194159
91  1194166
92  1194167
93  1194168
94  1194169
95  1194170
96  1194171
97  1194172
98  1194173
99  1194174
100  1195334
101  1195335
102  1195336
103  1195337
104  1195338
105  1195339
106  1195340
107  1195341
108  1195342
109  1195343
110  1195344
111  1195345
112  1195346
113  1195347
114  1195349
115  1195352
116  1195353
117  1195354
118  1195355
119  1195361
120  1195362
121  1195363
122  1195364
123  1195365
124  1195366
125  1195367
126  1195368
127  1195369
128  1196529
129  1196530
130  1196531
131  1196532
132  1196533
133  1196534
134  1196535
135  1196536
136  1196537
137  1196538
138  1196539
139  1196540
140  1196541
141  1196542
142  1196543
143  1196544
144  1196545
145  1196546
146  1196547
147  1196548
148  1196549
149  1196550
150  1196555
151  1196556
152  1196557
153  1196558
154  1196559
155  1196560
156  1196561
157  1196562
158  1196563
159  1196564
160  1196565
161  1197722
162  1197723
163  1197724
164  1197725
165  1197726
166  1197727
167  1197728
168  1197729
169  1197730
170  1197731
171  1197732
172  1197733
173  1197734
174  1197735
175  1197736
176  1197737
177  1197738
178  1197739
179  1197740
180  1197741
181  1197742
182  1197743
183  1197744
184  1197745
185  1197746
186  1197750
187  1197751
188  1197752
189  1197753
190  1197754
191  1197755
192  1197756
193  1197757
194  1197758
195  1197759
196  1197760
197  1197761
198  1198916
199  1198917
200  1198918
201  1198919
202  1198920
203  1198921
204  1198922
205  1198923
206  1198924
207  1198925
208  1198926
209  1198927
210  1198928
211  1198929
212  1198930
213  1198931
214  1198932
215  1198933
216  1198934
217  1198935
218  1198936
219  1198937
220  1198938
221  1198939
222  1198940
223  1198941
224  1198942
225  1198945
226  1198946
227  1198947
228  1198948
229  1198949
230  1198950
231  1198951
232  1198952
233  1198953
234  1198954
235  1198955
236  1198956
237  1200111
238  1200112
239  1200113
240  1200114
241  1200115
242  1200116
243  1200117
244  1200118
245  1200119
246  1200120
247  1200121
248  1200122
249  1200123
250  1200124
251  1200125
252  1200126
253  1200127
254  1200128
255  1200129
256  1200130
257  1200131
258  1200132
259  1200133
260  1200134
261  1200135
262  1200136
263  1200137
264  1200140
265  1200141
266  1200142
267  1200143
268  1200144
269  1200145
270  1200146
271  1200147
272  1200148
273  1200149
274  1200150
275  1200151
276  1200152
277  1200153
278  1201306
279  1201307
280  1201308
281  1201309
282  1201310
283  1201311
284  1201312
285  1201313
286  1201314
287  1201315
288  1201316
289  1201317
290  1201318
291  1201319
292  1201320
293  1201321
294  1201322
295  1201323
296  1201324
297  1201325
298  1201326
299  1201327
300  1201328
301  1201329
302  1201330
303  1201331
304  1201332
305  1201333
306  1201334
307  1201335
308  1201336
309  1201337
310  1201338
311  1201339
312  1201340
313  1201341
314  1201342
315  1201343
316  1201344
317  1201345
318  1201346
319  1201347
320  1201348
321  1202498
322  1202499
323  1202500
324  1202501
325  1202502
326  1202503
327  1202504
328  1202505
329  1202506
330  1202507
331  1202508
332  1202509
333  1202510
334  1202511
335  1202512
336  1202513
337  1202514
338  1202515
339  1202516
340  1202517
341  1202518
342  1202519
343  1202520
344  1202521
345  1202522
346  1202523
347  1202524
348  1202525
349  1202526
350  1202527
351  1202528
352  1202529
353  1202530
354  1202531
355  1202532
356  1202533
357  1202534
358  1202535
359  1202536
360  1202537
361  1202538
362  1202539
363  1202540
364  1202541
365  1202542
366  1202543
367  1202545
368  1202546
369  1202547
370  1202548
371  1203689
372  1203690
373  1203691
374  1203692
375  1203693
376  1203694
377  1203695
378  1203696
379  1203697
380  1203698
381  1203699
382  1203700
383  1203701
384  1203702
385  1203703
386  1203704
387  1203705
388  1203706
389  1203707
390  1203708
391  1203709
392  1203710
393  1203711
394  1203712
395  1203713
396  1203714
397  1203715
398  1203716
399  1203717
400  1203718
401  1203719
402  1203720
403  1203721
404  1203722
405  1203723
406  1203724
407  1203725
408  1203726
409  1203727
410  1203728
411  1203729
412  1203730
413  1203731
414  1203732
415  1203733
416  1203734
417  1203735
418  1203736
419  1203737
420  1203738
421  1203740
422  1203741
423  1203742
424  1203743
425  1203744
426  1203745
427  1203748
428  1203749
429  1204884
430  1204885
431  1204886
432  1204887
433  1204888
434  1204889
435  1204890
436  1204891
437  1204892
438  1204893
439  1204894
440  1204895
441  1204896
442  1204897
443  1204898
444  1204899
445  1204900
446  1204901
447  1204902
448  1204903
449  1204904
450  1204905
451  1204906
452  1204907
453  1204908
454  1204909
455  1204910
456  1204911
457  1204912
458  1204913
459  1204914
460  1204915
461  1204916
462  1204917
463  1204918
464  1204919
465  1204920
466  1204921
467  1204922
468  1204923
469  1204924
470  1204925
471  1204926
472  1204927
473  1204928
474  1204929
475  1204930
476  1204931
477  1204932
478  1204933
479  1204934
480  1204935
481  1204936
482  1204937
483  1204938
484  1204939
485  1204940
486  1204941
487  1204942
488  1204943
489  1204944
490  1204945
491  1206078
492  1206079
493  1206080
494  1206081
495  1206082
496  1206083
497  1206084
498  1206085
499  1206086
500  1206087
501  1206088
502  1206089
503  1206090
504  1206091
505  1206092
506  1206093
507  1206094
508  1206095
509  1206096
510  1206097
511  1206098
512  1206099
513  1206100
514  1206101
515  1206102
516  1206103
517  1206104
518  1206105
519  1206106
520  1206107
521  1206108
522  1206109
523  1206110
524  1206111
525  1206112
526  1206113
527  1206114
528  1206115
529  1206116
530  1206117
531  1206118
532  1206119
533  1206120
534  1206121
535  1206122
536  1206123
537  1206124
538  1206125
539  1206126
540  1206127
541  1206128
542  1206129
543  1206130
544  1206131
545  1206132
546  1206133
547  1206134
548  1206135
549  1206136
550  1206137
551  1206138
552  1206139
553  1206140
554  1206141
555  1206142
556  1206143
557  1206144
558  1207268
559  1207269
560  1207271
561  1207272
562  1207273
563  1207274
564  1207275
565  1207276
566  1207277
567  1207278
568  1207279
569  1207280
570  1207281
571  1207282
572  1207283
573  1207284
574  1207285
575  1207286
576  1207287
577  1207288
578  1207289
579  1207290
580  1207291
581  1207292
582  1207293
583  1207294
584  1207295
585  1207296
586  1207297
587  1207298
588  1207299
589  1207300
590  1207301
591  1207302
592  1207303
593  1207304
594  1207305
595  1207306
596  1207307
597  1207308
598  1207309
599  1207310
600  1207311
601  1207312
602  1207313
603  1207314
604  1207315
605  1207316
606  1207317
607  1207318
608  1207319
609  1207320
610  1207321
611  1207322
612  1207323
613  1207324
614  1207325
615  1207326
616  1207327
617  1207328
618  1207329
619  1207330
620  1207331
621  1207332
622  1207333
623  1207334
624  1207335
625  1207336
626  1207337
627  1207338
628  1207339
629  1208462
630  1208463
631  1208464
632  1208465
633  1208466
634  1208467
635  1208468
636  1208469
637  1208470
638  1208471
639  1208472
640  1208473
641  1208474
642  1208475
643  1208476
644  1208477
645  1208478
646  1208479
647  1208480
648  1208481
649  1208482
650  1208483
651  1208484
652  1208485
653  1208486
654  1208487
655  1208488
656  1208489
657  1208490
658  1208491
659  1208492
660  1208493
661  1208494
662  1208495
663  1208496
664  1208497
665  1208498
666  1208499
667  1208500
668  1208501
669  1208502
670  1208503
671  1208504
672  1208505
673  1208506
674  1208507
675  1208508
676  1208509
677  1208510
678  1208511
679  1208512
680  1208513
681  1208514
682  1208515
683  1208516
684  1208517
685  1208518
686  1208519
687  1208520
688  1208521
689  1208522
690  1208523
691  1208524
692  1208525
693  1208526
694  1208527
695  1208528
696  1208529
697  1208530
698  1208531
699  1208532
700  1208533
701  1208534
702  1208535
703  1208537
704  1209655
705  1209656
706  1209657
707  1209658
708  1209659
709  1209660
710  1209661
711  1209662
712  1209663
713  1209664
714  1209665
715  1209666
716  1209667
717  1209668
718  1209669
719  1209670
720  1209671
721  1209672
722  1209673
723  1209674
724  1209675
725  1209676
726  1209677
727  1209678
728  1209679
729  1209680
730  1209681
731  1209682
732  1209683
733  1209684
734  1209685
735  1209686
736  1209687
737  1209688
738  1209689
739  1209690
740  1209691
741  1209692
742  1209693
743  1209694
744  1209695
745  1209696
746  1209697
747  1209698
748  1209699
749  1209700
750  1209701
751  1209702
752  1209703
753  1209704
754  1209705
755  1209706
756  1209707
757  1209708
758  1209709
759  1209710
760  1209711
761  1209712
762  1209713
763  1209714
764  1209715
765  1209716
766  1209717
767  1209718
768  1209719
769  1209720
770  1209721
771  1209722
772  1209723
773  1209724
774  1209725
775  1209726
776  1209727
777  1209728
778  1209729
779  1209730
780  1209731
781  1209732
782  1209735
783  1210851
784  1210852
785  1210853
786  1210854
787  1210855
788  1210856
789  1210857
790  1210858
791  1210859
792  1210860
793  1210861
794  1210862
795  1210863
796  1210864
797  1210865
798  1210866
799  1210867
800  1210868
801  1210869
802  1210870
803  1210871
804  1210872
805  1210873
806  1210874
807  1210875
808  1210876
809  1210877
810  1210878
811  1210879
812  1210880
813  1210881
814  1210882
815  1210883
816  1210884
817  1210885
818  1210886
819  1210887
820  1210888
821  1210889
822  1210890
823  1210891
824  1210892
825  1210893
826  1210894
827  1210895
828  1210896
829  1210897
830  1210898
831  1210899
832  1210900
833  1210901
834  1210902
835  1210903
836  1210904
837  1210905
838  1210906
839  1210907
840  1210908
841  1210909
842  1210910
843  1210911
844  1210912
845  1210913
846  1210914
847  1210915
848  1210916
849  1210917
850  1210918
851  1210919
852  1210920
853  1210921
854  1210922
855  1210923
856  1210924
857  1210925
858  1210926
859  1210927
860  1210928
861  1210929
862  1210930
863  1212046
864  1212047
865  1212048
866  1212049
867  1212050
868  1212051
869  1212052
870  1212053
871  1212054
872  1212055
873  1212056
874  1212057
875  1212058
876  1212059
877  1212060
878  1212061
879  1212062
880  1212063
881  1212064
882  1212065
883  1212066
884  1212067
885  1212068
886  1212069
887  1212070
888  1212071
889  1212072
890  1212073
891  1212074
892  1212075
893  1212076
894  1212077
895  1212078
896  1212079
897  1212080
898  1212081
899  1212082
900  1212083
901  1212084
902  1212085
903  1212086
904  1212087
905  1212088
906  1212089
907  1212090
908  1212091
909  1212092
910  1212093
911  1212094
912  1212095
913  1212096
914  1212097
915  1212098
916  1212099
917  1212100
918  1212101
919  1212102
920  1212103
921  1212104
922  1212105
923  1212106
924  1212107
925  1212108
926  1212109
927  1212110
928  1212111
929  1212112
930  1212113
931  1212114
932  1212115
933  1212116
934  1212117
935  1212118
936  1212119
937  1212120
938  1212121
939  1212122
940  1212123
941  1212124
942  1212125
943  1213242
944  1213243
945  1213244
946  1213245
947  1213246
948  1213247
949  1213248
950  1213249
951  1213250
952  1213251
953  1213252
954  1213253
955  1213254
956  1213255
957  1213256
958  1213257
959  1213258
960  1213259
961  1213260
962  1213261
963  1213262
964  1213263
965  1213264
966  1213265
967  1213266
968  1213267
969  1213268
970  1213269
971  1213270
972  1213271
973  1213272
974  1213273
975  1213274
976  1213275
977  1213276
978  1213277
979  1213278
980  1213279
981  1213280
982  1213281
983  1213282
984  1213283
985  1213284
986  1213285
987  1213286
988  1213287
989  1213288
990  1213289
991  1213290
992  1213291
993  1213292
994  1213293
995  1213294
996  1213295
997  1213296
998  1213297
999  1213298
1000  1213299
1001  1213300
1002  1213301
1003  1213302
1004  1213303
1005  1213304
1006  1213305
1007  1213306
1008  1213307
1009  1213308
1010  1213309
1011  1213310
1012  1213311
1013  1213312
1014  1213313
1015  1213314
1016  1213315
1017  1213316
1018  1213317
1019  1213318
1020  1213319
1021  1213320
1022  1214437
1023  1214438
1024  1214439
1025  1214440
1026  1214441
1027  1214442
1028  1214443
1029  1214444
1030  1214445
1031  1214446
1032  1214447
1033  1214448
1034  1214449
1035  1214450
1036  1214451
1037  1214452
1038  1214453
1039  1214454
1040  1214455
1041  1214456
1042  1214457
1043  1214458
1044  1214459
1045  1214460
1046  1214461
1047  1214462
1048  1214463
1049  1214464
1050  1214465
1051  1214466
1052  1214467
1053  1214468
1054  1214469
1055  1214470
1056  1214471
1057  1214472
1058  1214473
1059  1214474
1060  1214475
1061  1214476
1062  1214477
1063  1214478
1064  1214479
1065  1214480
1066  1214481
1067  1214482
1068  1214483
1069  1214484
1070  1214485
1071  1214486
1072  1214487
1073  1214488
1074  1214489
1075  1214490
1076  1214491
1077  1214492
1078  1214493
1079  1214494
1080  1214495
1081  1214496
1082  1214497
1083  1214498
1084  1214499
1085  1214500
1086  1214501
1087  1214502
1088  1214503
1089  1214504
1090  1214505
1091  1214506
1092  1214507
1093  1214508
1094  1214509
1095  1214510
1096  1214511
1097  1214512
1098  1214513
1099  1214514
1100  1214515
1101  1215632
1102  1215633
1103  1215634
1104  1215635
1105  1215636
1106  1215637
1107  1215638
1108  1215639
1109  1215640
1110  1215641
1111  1215642
1112  1215643
1113  1215644
1114  1215645
1115  1215646
1116  1215647
1117  1215648
1118  1215649
1119  1215650
1120  1215651
1121  1215652
1122  1215653
1123  1215654
1124  1215655
1125  1215656
1126  1215657
1127  1215658
1128  1215659
1129  1215660
1130  1215661
1131  1215662
1132  1215663
1133  1215664
1134  1215665
1135  1215666
1136  1215667
1137  1215668
1138  1215669
1139  1215670
1140  1215671
1141  1215672
1142  1215673
1143  1215674
1144  1215675
1145  1215676
1146  1215677
1147  1215678
1148  1215679
1149  1215680
1150  1215681
1151  1215682
1152  1215683
1153  1215684
1154  1215685
1155  1215686
1156  1215687
1157  1215688
1158  1215689
1159  1215690
1160  1215691
1161  1215692
1162  1215693
1163  1215694
1164  1215695
1165  1215696
1166  1215697
1167  1215698
1168  1215699
1169  1215700
1170  1215701
1171  1215702
1172  1215703
1173  1215704
1174  1215705
1175  1215706
1176  1215707
1177  1215708
1178  1215709
1179  1215710
1180  1215711
1181  1216827
1182  1216828
1183  1216829
1184  1216830
1185  1216831
1186  1216832
1187  1216833
1188  1216834
1189  1216835
1190  1216836
1191  1216837
1192  1216838
1193  1216839
1194  1216840
1195  1216841
1196  1216842
1197  1216843
1198  1216844
1199  1216845
1200  1216846
1201  1216847
1202  1216848
1203  1216849
1204  1216850
1205  1216851
1206  1216852
1207  1216853
1208  1216854
1209  1216855
1210  1216856
1211  1216857
1212  1216858
1213  1216859
1214  1216860
1215  1216861
1216  1216862
1217  1216863
1218  1216864
1219  1216865
1220  1216866
1221  1216867
1222  1216868
1223  1216869
1224  1216870
1225  1216871
1226  1216872
1227  1216873
1228  1216874
1229  1216875
1230  1216876
1231  1216877
1232  1216878
1233  1216879
1234  1216880
1235  1216881
1236  1216882
1237  1216883
1238  1216884
1239  1216885
1240  1216886
1241  1216887
1242  1216888
1243  1216889
1244  1216890
1245  1216891
1246  1216892
1247  1216893
1248  1216894
1249  1216895
1250  1216896
1251  1216897
1252  1216898
1253  1216899
1254  1216900
1255  1216901
1256  1216902
1257  1216903
1258  1216904
1259  1216905
1260  1216906
1261  1218025
1262  1218026
1263  1218027
1264  1218028
1265  1218029
1266  1218030
1267  1218031
1268  1218032
1269  1218033
1270  1218034
1271  1218035
1272  1218036
1273  1218037
1274  1218038
1275  1218039
1276  1218040
1277  1218041
1278  1218042
1279  1218043
1280  1218044
1281  1218045
1282  1218046
1283  1218047
1284  1218048
1285  1218049
1286  1218050
1287  1218051
1288  1218052
1289  1218053
1290  1218054
1291  1218055
1292  1218056
1293  1218057
1294  1218058
1295  1218059
1296  1218060
1297  1218061
1298  1218062
1299  1218063
1300  1218064
1301  1218065
1302  1218066
1303  1218067
1304  1218068
1305  1218069
1306  1218070
1307  1218071
1308  1218072
1309  1218073
1310  1218074
1311  1218075
1312  1218076
1313  1218077
1314  1218078
1315  1218079
1316  1218080
1317  1218081
1318  1218082
1319  1218083
1320  1218084
1321  1218085
1322  1218086
1323  1218087
1324  1218088
1325  1218089
1326  1218090
1327  1218091
1328  1218092
1329  1218093
1330  1218094
1331  1218095
1332  1218096
1333  1218097
1334  1218098
1335  1218099
1336  1218100
1337  1218101
1338  1218102
1339  1218103
1340  1219220
1341  1219221
1342  1219222
1343  1219223
1344  1219224
1345  1219225
1346  1219226
1347  1219227
1348  1219228
1349  1219229
1350  1219230
1351  1219231
1352  1219232
1353  1219233
1354  1219234
1355  1219235
1356  1219236
1357  1219237
1358  1219238
1359  1219239
1360  1219240
1361  1219241
1362  1219242
1363  1219243
1364  1219244
1365  1219245
1366  1219246
1367  1219247
1368  1219248
1369  1219249
1370  1219250
1371  1219251
1372  1219252
1373  1219253
1374  1219254
1375  1219255
1376  1219256
1377  1219257
1378  1219258
1379  1219259
1380  1219260
1381  1219261
1382  1219262
1383  1219263
1384  1219264
1385  1219265
1386  1219266
1387  1219267
1388  1219268
1389  1219269
1390  1219270
1391  1219271
1392  1219272
1393  1219273
1394  1219274
1395  1219275
1399  1219279
1400  1219280
1401  1219281
1402  1219282
1403  1219283
1404  1219284
1405  1219285
1406  1219286
1407  1219287
1408  1219288
1409  1219289
1410  1219290
1411  1219291
1412  1219292
1413  1219293
1414  1219294
1415  1219295
1416  1219296
1417  1219297
1418  1219298
1419  1219299
1420  1219300
1421  1219301
1422  1219302
1423  1220415
1424  1220416
1425  1220417
1426  1220418
1427  1220419
1428  1220420
1429  1220421
1430  1220422
1431  1220423
1432  1220424
1433  1220425
1434  1220426
1435  1220427
1436  1220428
1437  1220429
1438  1220430
1439  1220431
1440  1220432
1441  1220433
1442  1220434
1443  1220435
1444  1220436
1445  1220437
1446  1220438
1447  1220439
1448  1220440
1449  1220441
1450  1220442
1451  1220443
1452  1220444
1453  1220445
1454  1220446
1455  1220447
1456  1220448
1457  1220449
1458  1220450
1459  1220451
1460  1220452
1461  1220453
1462  1220454
1463  1220455
1464  1220456
1465  1220457
1466  1220458
1467  1220459
1468  1220460
1469  1220461
1470  1220462
1471  1220463
1472  1220464
1473  1220465
1474  1220466
1475  1220467
1476  1220468
1477  1220469
1478  1220470
1485  1220477
1486  1220478
1487  1220479
1488  1220480
1489  1220481
1490  1220482
1491  1220483
1492  1220484
1493  1220485
1494  1220486
1495  1220487
1497  1220489
1498  1220490
1499  1220491
1500  1220492
1501  1220493
1502  1220494
1503  1220495
1504  1220496
1505  1220497
1506  1220498
1507  1221611
1508  1221612
1509  1221613
1510  1221614
1511  1221615
1512  1221616
1513  1221617
1514  1221618
1515  1221619
1516  1221620
1517  1221621
1518  1221622
1519  1221623
1520  1221624
1521  1221625
1522  1221626
1523  1221627
1524  1221628
1525  1221629
1526  1221630
1527  1221631
1528  1221632
1529  1221633
1530  1221634
1531  1221635
1532  1221636
1533  1221637
1534  1221638
1535  1221639
1536  1221640
1537  1221641
1538  1221642
1539  1221643
1540  1221644
1541  1221645
1542  1221646
1543  1221647
1544  1221648
1545  1221649
1546  1221650
1547  1221651
1548  1221652
1549  1221653
1550  1221654
1551  1221655
1552  1221656
1553  1221657
1554  1221658
1555  1221659
1556  1221660
1557  1221661
1558  1221662
1559  1221663
1560  1221664
1561  1221665
1570  1221674
1571  1221675
1572  1221676
1573  1221677
1581  1221685
1582  1221686
1583  1221687
1584  1221688
1585  1221689
1586  1221690
1587  1221691
1588  1221692
1589  1221693
1590  1222806
1591  1222807
1592  1222809
1593  1222813
1594  1222814
1595  1222815
1596  1222816
1597  1222817
1598  1222818
1599  1222819
1600  1222820
1601  1222821
1602  1222822
1603  1222823
1604  1222824
1605  1222825
1606  1222826
1607  1222827
1608  1222828
1609  1222829
1610  1222830
1611  1222831
1612  1222832
1613  1222833
1614  1222834
1615  1222835
1616  1222836
1617  1222837
1618  1222838
1619  1222839
1620  1222840
1621  1222841
1622  1222842
1623  1222843
1624  1222844
1625  1222845
1626  1222846
1627  1222847
1628  1222848
1629  1222849
1630  1222850
1631  1222851
1632  1222852
1633  1222853
1634  1222854
1635  1222855
1636  1222856
1637  1222857
1638  1222858
1639  1222859
1661  1222881
1662  1222882
1663  1222883
1664  1222884
1668  1222888
1669  1224009
1670  1224010
1671  1224011
1672  1224012
1673  1224013
1674  1224014
1675  1224015
1676  1224016
1677  1224017
1678  1224018
1679  1224019
1680  1224020
1681  1224021
1682  1224022
1683  1224023
1684  1224024
1685  1224025
1686  1224026
1687  1224027
1688  1224028
1689  1224029
1690  1224030
1691  1224031
1692  1224032
1693  1224033
1694  1224034
1695  1224035
1696  1224036
1697  1224037
1698  1224038
1699  1224039
1700  1224040
1701  1224041
1702  1224042
1703  1224043
1704  1224044
1705  1224045
1706  1224046
1707  1224047
1708  1224048
1709  1224049
1710  1224050
1711  1224051
1712  1224052
1713  1224053
1748  1225203
1749  1225204
1750  1225205
1751  1225206
1752  1225207
1753  1225208
1754  1225209
1755  1225210
1756  1225211
1757  1225212
1758  1225213
1759  1225214
1760  1225215
1761  1225216
1762  1225217
1763  1225218
1764  1225219
1765  1225220
1766  1225221
1767  1225222
1768  1225223
1769  1225224
1770  1225225
1771  1225226
1772  1225227
1773  1225228
1774  1225229
1775  1225230
1776  1225231
1777  1225232
1778  1225233
1779  1225234
1780  1225235
1781  1225236
1782  1225237
1783  1225238
1784  1225239
1785  1225240
1786  1225241
1787  1225242
1788  1225243
1789  1225244
1790  1225245
1791  1225246
1792  1225247
1793  1225248
1828  1226398
1829  1226399
1830  1226400
1831  1226401
1832  1226402
1833  1226403
1834  1226404
1835  1226405
1836  1226406
1837  1226407
1838  1226408
1839  1226409
1840  1226410
1841  1226411
1842  1226412
1843  1226413
1844  1226414
1845  1226415
1846  1226416
1847  1226417
1848  1226418
1849  1226419
1850  1226420
1851  1226421
1852  1226422
1853  1226423
1854  1226424
1855  1226425
1856  1226426
1857  1226427
1858  1226428
1859  1226429
1860  1226430
1861  1226431
1862  1226432
1863  1226433
1864  1226434
1865  1226435
1866  1226436
1867  1226437
1868  1226438
1869  1226439
1870  1226440
1871  1226441
1872  1226442
1873  1226443
1908  1227593
1909  1227594
1910  1227595
1911  1227596
1912  1227597
1913  1227598
1914  1227599
1915  1227600
1916  1227601
1917  1227602
1918  1227603
1919  1227604
1920  1227605
1921  1227606
1922  1227607
1923  1227608
1924  1227609
1925  1227610
1926  1227611
1927  1227612
1928  1227613
1929  1227614
1930  1227615
1931  1227616
1932  1227617
1933  1227618
1934  1227619
1935  1227620
1936  1227621
1937  1227622
1938  1227623
1939  1227624
1940  1227625
1941  1227626
1942  1227627
1943  1227628
1944  1227629
1945  1227630
1946  1227631
1947  1227632
1948  1227633
1949  1227634
1950  1227635
1951  1227636
1952  1227637
1953  1227638
1988  1228788
1989  1228789
1990  1228790
1991  1228791
1992  1228792
1993  1228793
1994  1228794
1995  1228795
1996  1228796
1997  1228797
1998  1228798
1999  1228799
2000  1228800
2001  1228801
2002  1228802
2003  1228803
2004  1228804
2005  1228805
2006  1228806
2007  1228807
2008  1228808
2009  1228809
2010  1228810
2011  1228811
2012  1228812
2013  1228813
2014  1228814
2015  1228815
2016  1228816
2017  1228817
2018  1228818
2019  1228819
2020  1228820
2021  1228821
2022  1228822
2023  1228823
2024  1228824
2025  1228825
2026  1228826
2027  1228827
2028  1228828
2029  1228829
2030  1228830
2031  1228831
2032  1228832
2033  1228833
2068  1229984
2069  1229985
2070  1229986
2071  1229987
2072  1229988
2073  1229989
2074  1229990
2075  1229991
2076  1229992
2077  1229993
2078  1229994
2079  1229995
2080  1229996
2081  1229997
2082  1229998
2083  1229999
2084  1230000
2085  1230001
2086  1230002
2087  1230003
2088  1230004
2089  1230005
2090  1230006
2091  1230007
2092  1230008
2093  1230009
2094  1230010
2095  1230011
2096  1230012
2097  1230013
2098  1230014
2099  1230015
2100  1230016
2101  1230017
2102  1230018
2103  1230019
2104  1230020
2105  1230021
2106  1230022
2107  1230023
2108  1230024
2109  1230025
2110  1230026
2148  1231179
2149  1231180
2150  1231181
2151  1231182
2152  1231183
2153  1231184
2154  1231185
2155  1231186
2156  1231187
2157  1231188
2158  1231189
2159  1231190
2160  1231191
2161  1231192
2162  1231193
2163  1231194
2164  1231195
2165  1231196
2166  1231197
2167  1231198
2168  1231199
2169  1231200
2170  1231201
2171  1231202
2172  1231203
2173  1231204
2174  1231205
2175  1231206
2176  1231207
2177  1231208
2178  1231209
2179  1231210
2180  1231211
2181  1231212
2182  1231213
2183  1231214
2184  1231215
2185  1231216
2186  1231217
2187  1231218
2188  1231219
2189  1231220
2228  1232374
2229  1232375
2230  1232376
2231  1232377
2232  1232378
2233  1232379
2234  1232380
2235  1232381
2236  1232382
2237  1232383
2238  1232384
2239  1232385
2240  1232386
2241  1232387
2242  1232388
2243  1232389
2244  1232390
2245  1232391
2246  1232392
2247  1232393
2248  1232394
2249  1232395
2250  1232396
2251  1232397
2252  1232398
2253  1232399
2254  1232400
2255  1232401
2256  1232402
2257  1232403
2258  1232404
2259  1232405
2260  1232406
2261  1232407
2262  1232408
2263  1232409
2264  1232410
2265  1232411
2266  1232412
2267  1232413
2268  1232414
2307  1233570
2308  1233571
2309  1233572
2310  1233573
2311  1233574
2312  1233575
2313  1233576
2314  1233577
2315  1233578
2316  1233579
2317  1233580
2318  1233581
2319  1233582
2320  1233583
2321  1233584
2322  1233585
2323  1233586
2324  1233587
2325  1233588
2326  1233589
2327  1233590
2328  1233591
2329  1233592
2330  1233593
2331  1233594
2332  1233595
2333  1233596
2334  1233597
2335  1233598
2336  1233599
2337  1233600
2338  1233601
2339  1233602
2340  1233603
2341  1233604
2342  1233605
2343  1233606
2344  1233607
2345  1233608
2346  1233609
2385  1234765
2386  1234766
2387  1234767
2388  1234768
2389  1234769
2390  1234770
2391  1234771
2392  1234772
2393  1234773
2394  1234774
2395  1234775
2396  1234776
2397  1234777
2398  1234778
2399  1234779
2400  1234780
2401  1234781
2402  1234782
2403  1234783
2404  1234784
2405  1234785
2406  1234786
2407  1234787
2408  1234788
2409  1234789
2410  1234790
2411  1234791
2412  1234792
2413  1234793
2414  1234794
2415  1234795
2416  1234796
2417  1234797
2418  1234798
2419  1234799
2420  1234800
2421  1234801
2422  1234802
2423  1234803
2424  1234804
2464  1235961
2465  1235962
2466  1235963
2467  1235964
2468  1235965
2469  1235966
2470  1235967
2471  1235968
2472  1235969
2473  1235970
2474  1235971
2475  1235972
2476  1235973
2477  1235974
2478  1235975
2479  1235976
2480  1235977
2481  1235978
2482  1235979
2483  1235980
2484  1235981
2485  1235982
2486  1235983
2487  1235984
2488  1235985
2489  1235986
2490  1235987
2491  1235988
2492  1235989
2493  1235990
2494  1235991
2495  1235992
2496  1235993
2497  1235994
2498  1235995
2499  1235996
2500  1235997
2501  1235998
2502  1235999
2543  1237156
2544  1237157
2545  1237158
2546  1237159
2547  1237160
2548  1237161
2549  1237162
2550  1237163
2551  1237164
2552  1237165
2553  1237166
2554  1237167
2555  1237168
2556  1237169
2557  1237170
2558  1237171
2559  1237172
2560  1237173
2561  1237174
2562  1237175
2563  1237176
2564  1237177
2565  1237178
2566  1237179
2567  1237180
2568  1237181
2569  1237182
2570  1237183
2571  1237184
2572  1237185
2573  1237186
2574  1237187
2575  1237188
2576  1237189
2577  1237190
2578  1237191
2579  1237192
2580  1237193
2581  1237194
2618  1238351
2619  1238352
2620  1238353
2621  1238354
2622  1238355
2623  1238356
2624  1238357
2625  1238358
2626  1238359
2627  1238360
2628  1238361
2629  1238362
2630  1238363
2631  1238364
2632  1238365
2633  1238366
2634  1238367
2635  1238368
2636  1238369
2637  1238370
2638  1238371
2639  1238372
2640  1238373
2641  1238374
2642  1238375
2643  1238376
2644  1238377
2645  1238378
2646  1238379
2647  1238380
2648  1238381
2649  1238382
2650  1238383
2651  1238384
2652  1238385
2653  1238386
2654  1238387
2655  1238388
2686  1239546
2687  1239547
2688  1239548
2689  1239549
2690  1239550
2691  1239551
2692  1239552
2693  1239553
2694  1239554
2695  1239555
2696  1239556
2697  1239557
2698  1239558
2699  1239559
2700  1239560
2701  1239561
2702  1239562
2703  1239563
2704  1239564
2705  1239565
2706  1239566
2707  1239567
2708  1239568
2709  1239569
2710  1239570
2711  1239571
2712  1239572
2713  1239573
2714  1239574
2715  1239575
2716  1239576
2717  1239577
2718  1239578
2719  1239579
2720  1239580
2721  1239581
2722  1239582
2723  1239583
2750  1240744
2751  1240745
2752  1240746
2753  1240747
2754  1240748
2755  1240749
2756  1240750
2757  1240751
2758  1240752
2759  1240753
2760  1240754
2761  1240755
2762  1240756
2763  1240757
2764  1240758
2765  1240759
2766  1240760
2767  1240761
2768  1240762
2769  1240763
2770  1240764
2771  1240765
2772  1240766
2773  1240767
2774  1240768
2775  1240769
2776  1240770
2777  1240771
2778  1240772
2779  1240773
2780  1240774
2781  1240775
2782  1240776
2783  1240777
2784  1240778
2808  1241939
2809  1241940
2810  1241941
2811  1241942
2812  1241943
2813  1241944
2814  1241945
2815  1241946
2816  1241947
2817  1241948
2818  1241949
2819  1241950
2820  1241951
2821  1241952
2822  1241953
2823  1241954
2824  1241955
2825  1241956
2826  1241957
2827  1241958
2828  1241959
2829  1241960
2830  1241961
2831  1241962
2832  1241963
2833  1241964
2834  1241965
2835  1241966
2836  1241967
2837  1241968
2838  1241969
2839  1241970
2840  1241971
2841  1241972
2842  1241973
2864  1243135
2865  1243136
2866  1243137
2867  1243138
2868  1243139
2869  1243140
2870  1243141
2871  1243142
2872  1243143
2873  1243144
2874  1243145
2875  1243146
2876  1243147
2877  1243148
2878  1243149
2879  1243150
2880  1243151
2881  1243152
2882  1243153
2883  1243154
2884  1243155
2885  1243156
2886  1243157
2887  1243158
2888  1243159
2889  1243160
2890  1243161
2891  1243162
2892  1243163
2893  1243164
2894  1243165
2895  1243166
2896  1243167
2897  1243168
2916  1244332
2917  1244333
2918  1244334
2919  1244335
2920  1244336
2921  1244337
2922  1244338
2923  1244339
2924  1244340
2925  1244341
2926  1244342
2927  1244343
2928  1244344
2929  1244345
2930  1244346
2931  1244347
2932  1244348
2933  1244349
2934  1244350
2935  1244351
2936  1244352
2937  1244353
2938  1244354
2939  1244355
2940  1244356
2941  1244357
2942  1244358
2943  1244359
2944  1244360
2945  1244361
2946  1244362
2947  1244363
2948  1244364
2964  1245527
2965  1245528
2966  1245529
2967  1245530
2968  1245531
2969  1245532
2970  1245533
2971  1245534
2972  1245535
2973  1245536
2974  1245537
2975  1245538
2976  1245539
2977  1245540
2978  1245541
2979  1245542
2980  1245546
2981  1245547
2982  1245548
2983  1245549
2984  1245550
2985  1245551
2986  1245552
2987  1245553
2988  1245554
2989  1245555
2990  1245556
2991  1245557
2992  1245558
3004  1246722
3005  1246723
3006  1246724
3007  1246725
3008  1246726
3009  1246731
3010  1246732
3011  1246733
3012  1246734
3013  1246735
3014  1246741
3015  1246742
3016  1246743
3017  1246745
3018  1246746
3019  1246747
3020  1246750
3021  1246751
3022  1246752
3023  1246753
3034  1247917
3035  1247918
3036  1247919
3037  1247920
3038  1247921
3039  1247928
3040  1247929
3041  1247935
3042  1247936
3043  1247937
3044  1247940
3045  1247941
3046  1247942
3047  1247945
3048  1247946
3049  1247947
3050  1247948
3059  1249130
3060  1249131
3061  1249132
3062  1249141
3063  1249142
3064  1249143
3065  1249144
3070  1250326
3071  1250336
3072  1250337
3073  1250338
3074  1250339
3075  1250340
3077  1251533
3078  1251535
#  1220011  #  652
1396  1219276
1397  1219277
1398  1219278
1479  1220471
1480  1220472
1481  1220473
1482  1220474
1483  1220475
1484  1220476
1496  1220488
1562  1221666
1563  1221667
1564  1221668
1565  1221669
1566  1221670
1567  1221671
1568  1221672
1569  1221673
1574  1221678
1575  1221679
1576  1221680
1577  1221681
1578  1221682
1579  1221683
1580  1221684
1640  1222860
1641  1222861
1642  1222862
1643  1222863
1644  1222864
1645  1222865
1646  1222866
1647  1222867
1648  1222868
1649  1222869
1650  1222870
1651  1222871
1652  1222872
1653  1222873
1654  1222874
1655  1222875
1656  1222876
1657  1222877
1658  1222878
1659  1222879
1660  1222880
1665  1222885
1666  1222886
1667  1222887
1714  1224054
1715  1224055
1716  1224056
1717  1224057
1718  1224058
1719  1224059
1720  1224060
1721  1224061
1722  1224062
1723  1224063
1724  1224064
1725  1224065
1726  1224066
1727  1224067
1728  1224068
1729  1224069
1730  1224070
1731  1224071
1732  1224072
1733  1224073
1734  1224074
1735  1224075
1736  1224076
1737  1224077
1738  1224078
1739  1224079
1740  1224080
1741  1224081
1742  1224082
1743  1224083
1744  1224084
1745  1224085
1746  1224086
1747  1224087
1794  1225249
1795  1225250
1796  1225251
1797  1225252
1798  1225253
1799  1225254
1800  1225255
1801  1225256
1802  1225257
1803  1225258
1804  1225259
1805  1225260
1806  1225261
1807  1225262
1808  1225263
1809  1225264
1810  1225265
1811  1225266
1812  1225267
1813  1225268
1814  1225269
1815  1225270
1816  1225271
1817  1225272
1818  1225273
1819  1225274
1820  1225275
1821  1225276
1822  1225277
1823  1225278
1824  1225279
1825  1225280
1826  1225281
1827  1225282
1874  1226444
1875  1226445
1876  1226446
1877  1226447
1878  1226448
1879  1226449
1880  1226450
1881  1226451
1882  1226452
1883  1226453
1884  1226454
1885  1226455
1886  1226456
1887  1226457
1888  1226458
1889  1226459
1890  1226460
1891  1226461
1892  1226462
1893  1226463
1894  1226464
1895  1226465
1896  1226466
1897  1226467
1898  1226468
1899  1226469
1900  1226470
1901  1226471
1902  1226472
1903  1226473
1904  1226474
1905  1226475
1906  1226476
1907  1226477
1954  1227639
1955  1227640
1956  1227641
1957  1227642
1958  1227643
1959  1227644
1960  1227645
1961  1227646
1962  1227647
1963  1227648
1964  1227649
1965  1227650
1966  1227651
1967  1227652
1968  1227653
1969  1227654
1970  1227655
1971  1227656
1972  1227657
1973  1227658
1974  1227659
1975  1227660
1976  1227661
1977  1227662
1978  1227663
1979  1227664
1980  1227665
1981  1227666
1982  1227667
1983  1227668
1984  1227669
1985  1227670
1986  1227671
1987  1227672
2034  1228834
2035  1228835
2036  1228836
2037  1228837
2038  1228838
2039  1228839
2040  1228840
2041  1228841
2042  1228842
2043  1228843
2044  1228844
2045  1228845
2046  1228846
2047  1228847
2048  1228848
2049  1228849
2050  1228850
2051  1228851
2052  1228852
2053  1228853
2054  1228854
2055  1228855
2056  1228856
2057  1228857
2058  1228858
2059  1228859
2060  1228860
2061  1228861
2062  1228862
2063  1228863
2064  1228864
2065  1228865
2066  1228866
2067  1228867
2111  1230027
2112  1230028
2113  1230029
2114  1230030
2115  1230031
2116  1230032
2117  1230033
2118  1230034
2119  1230035
2120  1230036
2121  1230037
2122  1230038
2123  1230039
2124  1230040
2125  1230041
2126  1230042
2127  1230043
2128  1230044
2129  1230045
2130  1230046
2131  1230047
2132  1230048
2133  1230049
2134  1230050
2135  1230051
2136  1230052
2137  1230053
2138  1230054
2139  1230055
2140  1230056
2141  1230057
2142  1230058
2143  1230059
2144  1230060
2145  1230061
2146  1230062
2147  1230063
2190  1231221
2191  1231222
2192  1231223
2193  1231224
2194  1231225
2195  1231226
2196  1231227
2197  1231228
2198  1231229
2199  1231230
2200  1231231
2201  1231232
2202  1231233
2203  1231234
2204  1231235
2205  1231236
2206  1231237
2207  1231238
2208  1231239
2209  1231240
2210  1231241
2211  1231242
2212  1231243
2213  1231244
2214  1231245
2215  1231246
2216  1231247
2217  1231248
2218  1231249
2219  1231250
2220  1231251
2221  1231252
2222  1231253
2223  1231254
2224  1231255
2225  1231256
2226  1231257
2227  1231258
2269  1232415
2270  1232416
2271  1232417
2272  1232418
2273  1232419
2274  1232420
2275  1232421
2276  1232422
2277  1232423
2278  1232424
2279  1232425
2280  1232426
2281  1232427
2282  1232428
2283  1232429
2284  1232430
2285  1232431
2286  1232432
2287  1232433
2288  1232434
2289  1232435
2290  1232436
2291  1232437
2292  1232438
2293  1232439
2294  1232440
2295  1232441
2296  1232442
2297  1232443
2298  1232444
2299  1232445
2300  1232446
2301  1232447
2302  1232448
2303  1232449
2304  1232450
2305  1232451
2306  1232452
2347  1233610
2348  1233611
2349  1233612
2350  1233613
2351  1233614
2352  1233615
2353  1233616
2354  1233617
2355  1233618
2356  1233619
2357  1233620
2358  1233621
2359  1233622
2360  1233623
2361  1233624
2362  1233625
2363  1233626
2364  1233627
2365  1233628
2366  1233629
2367  1233630
2368  1233631
2369  1233632
2370  1233633
2371  1233634
2372  1233635
2373  1233636
2374  1233637
2375  1233638
2376  1233639
2377  1233640
2378  1233641
2379  1233642
2380  1233643
2381  1233644
2382  1233645
2383  1233646
2384  1233647
2425  1234805
2426  1234806
2427  1234807
2428  1234808
2429  1234809
2430  1234810
2431  1234811
2432  1234812
2433  1234813
2434  1234814
2435  1234815
2436  1234816
2437  1234817
2438  1234818
2439  1234819
2440  1234820
2441  1234821
2442  1234822
2443  1234823
2444  1234824
2445  1234825
2446  1234826
2447  1234827
2448  1234828
2449  1234829
2450  1234830
2451  1234831
2452  1234832
2453  1234833
2454  1234834
2455  1234835
2456  1234836
2457  1234837
2458  1234838
2459  1234839
2460  1234840
2461  1234841
2462  1234842
2463  1234843
2503  1236000
2504  1236001
2505  1236002
2506  1236003
2507  1236004
2508  1236005
2509  1236006
2510  1236007
2511  1236008
2512  1236009
2513  1236010
2514  1236011
2515  1236012
2516  1236013
2517  1236014
2518  1236015
2519  1236016
2520  1236017
2521  1236018
2522  1236019
2523  1236020
2524  1236021
2525  1236022
2526  1236023
2527  1236024
2528  1236025
2529  1236026
2530  1236027
2531  1236028
2532  1236029
2533  1236030
2534  1236031
2535  1236032
2536  1236033
2537  1236034
2538  1236035
2539  1236036
2540  1236037
2541  1236038
2542  1236039
2582  1237195
2583  1237196
2584  1237197
2585  1237198
2586  1237199
2587  1237200
2588  1237201
2589  1237202
2590  1237203
2591  1237204
2592  1237205
2593  1237206
2594  1237207
2595  1237208
2596  1237209
2597  1237210
2598  1237211
2599  1237212
2600  1237213
2601  1237214
2602  1237215
2603  1237216
2604  1237217
2605  1237218
2606  1237219
2607  1237220
2608  1237225
2609  1237226
2610  1237227
2611  1237228
2612  1237229
2613  1237230
2614  1237231
2615  1237232
2616  1237233
2617  1237234
2656  1238389
2657  1238390
2658  1238391
2659  1238392
2660  1238393
2661  1238394
2662  1238395
2663  1238396
2664  1238397
2665  1238398
2666  1238399
2667  1238400
2668  1238401
2669  1238402
2670  1238403
2671  1238404
2672  1238405
2673  1238406
2674  1238407
2675  1238408
2676  1238409
2677  1238410
2678  1238412
2679  1238414
2680  1238422
2681  1238423
2682  1238424
2683  1238425
2684  1238426
2685  1238429
2724  1239584
2725  1239585
2726  1239586
2727  1239587
2728  1239588
2729  1239589
2730  1239590
2731  1239591
2732  1239592
2733  1239593
2734  1239594
2735  1239595
2736  1239596
2737  1239597
2738  1239598
2739  1239599
2740  1239600
2741  1239601
2742  1239602
2743  1239603
2744  1239604
2745  1239605
2746  1239617
2747  1239618
2748  1239619
2749  1239620
2785  1240779
2786  1240780
2787  1240781
2788  1240782
2789  1240783
2790  1240784
2791  1240785
2792  1240786
2793  1240787
2794  1240788
2795  1240789
2796  1240790
2797  1240791
2798  1240792
2799  1240793
2800  1240794
2801  1240795
2802  1240796
2803  1240797
2804  1240798
2805  1240799
2806  1240800
2807  1240813
2843  1241974
2844  1241975
2845  1241976
2846  1241977
2847  1241978
2848  1241979
2849  1241980
2850  1241981
2851  1241982
2852  1241983
2853  1241984
2854  1241985
2855  1241986
2856  1241987
2857  1241988
2858  1241989
2859  1241990
2860  1241991
2861  1241992
2862  1241993
2863  1241994
2898  1243169
2899  1243170
2900  1243171
2901  1243172
2902  1243173
2903  1243174
2904  1243175
2905  1243176
2906  1243177
2907  1243178
2908  1243179
2909  1243180
2910  1243181
2911  1243182
2912  1243185
2913  1243186
2914  1243187
2915  1243188
2949  1244365
2950  1244366
2951  1244367
2952  1244368
2953  1244369
2954  1244370
2955  1244371
2956  1244372
2957  1244373
2958  1244374
2959  1244375
2960  1244376
2961  1244377
2962  1244382
2963  1244383
2993  1245559
2994  1245560
2995  1245561
2996  1245562
2997  1245563
2998  1245565
2999  1245566
3000  1245567
3001  1245568
3002  1245569
3003  1245570
3024  1246754
3025  1246755
3026  1246756
3027  1246757
3028  1246758
3029  1246761
3030  1246762
3031  1246763
3032  1246764
3033  1246765
3051  1247949
3052  1247950
3053  1247951
3054  1247952
3055  1247957
3056  1247958
3057  1247959
3058  1247960
3066  1249145
3067  1249146
3068  1249152
3069  1249153
3076  1250341

