
Meteorological stations: 
1
1
Prec.    
1000  334269  6.46062e+06  205
Temp.    
1000  334269  6.46062e+06  205

Common parameters: 
3600
1
1
1.04812
1
0
1
1
-0.206741
-0.206741
30
0.00010073
0.00246348
0
1
0.1
0
0.05
0
0
0
0

Land surface parameters: 
0.000242532    5.73799e-06    0.8    0    -0.022916    0.00410776    0.005    0.01    0.08    0.9    0
1  1  1  1  1  1  1  1  1  
0.000242532    5.73799e-06    0.8    0    -0.022916    0.00410776    0.005    0.01    0.08    0.9    0
1  1  1  1  1  1  1  1  1  
0.000242532    5.73799e-06    0.8    0    -0.022916    0.00410776    0.005    0.01    0.08    0.9    0
1  1  1  1  1  1  1  1  1  
0.000242532    5.73799e-06    0.8    0    -0.022916    0.00410776    0.005    0.01    0.08    0.9    0
1  1  1  1  1  1  1  1  1  
0.000242532    5.73799e-06    0.8    0    -0.022916    0.00410776    0.005    0.01    0.08    0.9    0
1  1  1  1  1  1  1  1  1  
0.000242532    5.73799e-06    0.8    0    -0.022916    0.00410776    0.005    0.01    0.08    0.9    0
1  1  1  1  1  1  1  1  1  
0.000242532    5.73799e-06    0.8    0    -0.022916    0.00410776    0.005    0.01    0.08    0.9    0
1  1  1  1  1  1  1  1  1  
0.000242532    5.73799e-06    0.8    0    -0.022916    0.00410776    0.005    0.01    0.08    0.9    0
1  1  1  1  1  1  1  1  1  
0.000242532    5.73799e-06    0.8    0    -0.022916    0.00410776    0.005    0.01    0.08    0.9    0
1  1  1  1  1  1  1  1  1  
0.000242532    5.73799e-06    0.8    0    -0.022916    0.00410776    0.005    0.01    0.08    0.9    0
1  1  1  1  1  1  1  1  1  
0.000242532    5.73799e-06    0.8    0    -0.022916    0.00410776    0.005    0.01    0.08    0.9    0
1  1  1  1  1  1  1  1  1  
0.000242532    5.73799e-06    0.8    0    -0.022916    0.00410776    0.005    0.01    0.08    0.9    0
1  1  1  1  1  1  1  1  1  
0.000242532    5.73799e-06    0.8    0    -0.022916    0.00410776    0.005    0.01    0.08    0.9    0
1  1  1  1  1  1  1  1  1  
0.000242532    5.73799e-06    0.8    0    -0.022916    0.00410776    0.005    0.01    0.08    0.9    0
1  1  1  1  1  1  1  1  1  
0.000242532    5.73799e-06    0.8    0    -0.022916    0.00410776    0.005    0.01    0.08    0.9    0
1  1  1  1  1  1  1  1  1  
0.000242532    5.73799e-06    0.8    0    -0.022916    0.00410776    0.005    0.01    0.08    0.9    0
1  1  1  1  1  1  1  1  1  
0.000242532    5.73799e-06    0.8    0    -0.022916    0.00410776    0.005    0.01    0.08    0.9    0
1  1  1  1  1  1  1  1  1  
0.000242532    5.73799e-06    0.8    0    -0.022916    0.00410776    0.005    0.01    0.08    0.9    0
1  1  1  1  1  1  1  1  1  
0.000242532    5.73799e-06    0.8    0    -0.022916    0.00410776    0.005    0.01    0.08    0.9    0
1  1  1  1  1  1  1  1  1  
0.000242532    5.73799e-06    0.8    0    -0.022916    0.00410776    0.005    0.01    0.08    0.9    0
1  1  1  1  1  1  1  1  1  
0.000242532    5.73799e-06    0.8    0    -0.022916    0.00410776    0.005    0.01    0.08    0.9    0
1  1  1  1  1  1  1  1  1  

Subsurface parameters: 
0.3799    2    1    50    1    1.87403    0.0001    0.0130651    0
0.3799    2    1    50    1    1.87403    0.0001    0.0130651    0
0.3799    2    1    50    1    1.87403    0.0001    0.0130651    0
0.3799    2    1    50    1    1.87403    0.0001    0.0130651    0
0.3799    2    1    50    1    1.87403    0.0001    0.0130651    0
0.3799    2    1    50    1    1.87403    0.0001    0.0130651    0
0.3799    2    1    50    1    1.87403    0.0001    0.0130651    0
0.3799    2    1    50    1    1.87403    0.0001    0.0130651    0
0.3799    2    1    50    1    1.87403    0.0001    0.0130651    0
0.3799    2    1    50    1    1.87403    0.0001    0.0130651    0
0.3799    2    1    50    1    1.87403    0.0001    0.0130651    0
0.3799    2    1    50    1    1.87403    0.0001    0.0130651    0
0.3799    2    1    50    1    1.87403    0.0001    0.0130651    0
0.3799    2    1    50    1    1.87403    0.0001    0.0130651    0
0.3799    2    1    50    1    1.87403    0.0001    0.0130651    0
0.3799    2    1    50    1    1.87403    0.0001    0.0130651    0
0.3799    2    1    50    1    1.87403    0.0001    0.0130651    0
0.3799    2    1    50    1    1.87403    0.0001    0.0130651    0
0.3799    2    1    50    1    1.87403    0.0001    0.0130651    0
0.3799    2    1    50    1    1.87403    0.0001    0.0130651    0
0.3799    2    1    50    1    1.87403    0.0001    0.0130651    0


Number of landscape elements selected for time series output: 1
0

Precipitation and temperature correction for catchments: 
0  80006  1  0
80006   precCorr  1    tempCorr  0

    Sub-catchment :  80006

    Nash-Sutcliffe efficiency                           0.84
    Root mean square error                              0.14
    Bias (volume error)                                 -0.06
    Pearson's product-moment correlation coefficient    0.87


