ncols         1195
nrows         1550
xllcorner     -75000
yllcorner     6.45e+06
cellsize      1000
NODATA_value  -9999
# Number of landscape elements :  10
  0   0   6.32e+5    138.5    0.0      0.0         2      100.0           0      0.0   0 1.0  0 1.0
  1   1   6.32e+5    183.0    0.0      0.0         2      100.0           0      0.0   0 1.0  0 1.0
  2   2   6.32e+5    202.0    0.0      0.0         2      100.0           0      0.0   0 1.0  0 1.0
  3   3   6.32e+5    216.5    0.0      0.0         2      100.0           0      0.0   0 1.0  0 1.0
  4   4   6.32e+5    232.5    0.0      0.0         2      100.0           0      0.0   0 1.0  0 1.0
  5   5   6.32e+5    251.5    0.0      0.0         2      100.0           0      0.0   0 1.0  0 1.0
  6   6   6.32e+5    273.5    0.0      0.0         2      100.0           0      0.0   0 1.0  0 1.0
  7   7   6.32e+5    315.0    0.0      0.0         2      100.0           0      0.0   0 1.0  0 1.0
  8   8   6.32e+5    354.5    0.0      0.0         2      100.0           0      0.0   0 1.0  0 1.0
  9   9   6.32e+5    404.0    0.0      0.0         2      100.0           0      0.0   0 1.0  0 1.0
  
