
Meteorological stations: 
1
1
Prec.    
-9999  -9999  -9999  -9999
Temp.    
-9999  -9999  -9999  -9999

Common parameters: 
86400
1
1
1
1
1200
1
1
0
0
30
0.00022
0.0249841
0
1
0.2
0
0.05
0
0
0
244
10
10

Land surface parameters: 
0.0004    0.00115088    0.8    0    -0.638748    0.00173205    0.005    0.01    0.08    0.14    0.3
0.2
2
0.5
40
0.57
0
2.2
8.8
-8
4400
650
0.04
0.0065
0.01
0.006
0.6
0.7
30
0.435384  0.531811  0.635808  0.769728  0.965134  1.16842  1.39691  1.70629  2.56812  
0.0004    0.00370552    0.8    0    -0.638748    0.00173205    0.005    0.01    0.08    0.13    0.3
0.5
2
0.5
50
0.58
0
2.5
8.8
-8
4400
650
0.04
0.0065
0.01
0.0066
0.6
0.7
30
0.435384  0.531811  0.635808  0.769728  0.965134  1.16842  1.39691  1.70629  2.56812  
0.0004    0.000245    0.8    0    -0.638748    0.00173205    0.005    0.01    0.08    0.13    0.3
10
2
0.5
0
0.14
0
12
12.02
-8
4200
650
0.02
0.007
0.02
0.006
0.6
0.7
30
0.435384  0.531811  0.635808  0.769728  0.965134  1.16842  1.39691  1.70629  2.56812  
0.001    0.00225927    0.8    0    -0.638748    0.00173205    0.005    0.01    0.08    0.15    0.3
2
5
0.5
40
0.32
2
4
12.02
-8
4500
650
0.02
0.007
0.01
0.011
0.6
0.7
30
0.435384  0.531811  0.635808  0.769728  0.965134  1.16842  1.39691  1.70629  2.56812  
0.0002    3.65e-06    0.8    0    -0.638748    0.00173205    0.005    0.01    0.08    0.15    0.3
0.3
1
0.5
15
0.64
0
2.3
12.02
-8
4200
650
0.02
0.007
0.02
0.006
0.6
0.7
30
0.435384  0.531811  0.635808  0.769728  0.965134  1.16842  1.39691  1.70629  2.56812  
2e-06    0.00254861    0.8    0    -0.638748    0.00173205    0.005    0.01    0.08    0.12    0.3
0.1
0.01
0.5
0
0.6
0
2.1
12.02
-8
4200
650
0.02
0.007
0.001
0.009
0.6
0.7
30
0.435384  0.531811  0.635808  0.769728  0.965134  1.16842  1.39691  1.70629  2.56812  
0.00028    1.04e-05    0.8    0    -0.218594    0.00224824    0.005    0.01    0.08    0.13    0.3
7.5
1.4
0.5
70
0.36
3
17.5
8.31
-8
3000
650
0.04
0.0032
0.02
0.0057
0.6
0.7
30
0.435384  0.531811  0.635808  0.769728  0.965134  1.16842  1.39691  1.70629  2.56812  
0.00086    1.04e-05    0.8    0    -0.218594    0.00224824    0.005    0.01    0.08    0.12    0.3
12.3
4.3
0.5
70
0.32
3
22.3
8.31
-8
3000
650
0.04
0.0032
0.02
0.0057
0.6
0.7
30
0.435384  0.531811  0.635808  0.769728  0.965134  1.16842  1.39691  1.70629  2.56812  
0.00134    1.04e-05    0.8    0    -0.218594    0.00224824    0.005    0.01    0.08    0.1    0.3
16.8
6.7
0.5
70
0.18
3
26.8
8.31
-8
3000
650
0.04
0.0032
0.02
0.0057
0.6
0.7
30
0.435384  0.531811  0.635808  0.769728  0.965134  1.16842  1.39691  1.70629  2.56812  
0.00182    1.04e-05    0.8    0    -0.218594    0.00224824    0.005    0.01    0.08    0.09    0.3
22
9.1
0.5
70
0.13
3
32
8.31
-8
3000
650
0.04
0.0032
0.02
0.0057
0.6
0.7
30
0.435384  0.531811  0.635808  0.769728  0.965134  1.16842  1.39691  1.70629  2.56812  
0.00018    1.04e-05    0.8    0    -0.218594    0.00224824    0.005    0.01    0.08    0.12    0.3
7.5
0.9
0.5
70
0.4
3
17.5
8.31
-8
3000
650
0.04
0.0032
0.02
0.0057
0.6
0.7
30
0.435384  0.531811  0.635808  0.769728  0.965134  1.16842  1.39691  1.70629  2.56812  
0.00048    1.04e-05    0.8    0    -0.218594    0.00224824    0.005    0.01    0.08    0.1    0.3
11.6
2.4
0.5
70
0.3
3
21.6
8.31
-8
3000
650
0.04
0.0032
0.02
0.0057
0.6
0.7
30
0.435384  0.531811  0.635808  0.769728  0.965134  1.16842  1.39691  1.70629  2.56812  
0.00046    1.04e-05    0.8    0    -0.218594    0.00224824    0.005    0.01    0.08    0.1    0.3
17
2.3
0.5
70
0.24
3
27
8.31
-8
3000
650
0.04
0.0032
0.02
0.0057
0.6
0.7
30
0.435384  0.531811  0.635808  0.769728  0.965134  1.16842  1.39691  1.70629  2.56812  
0.00088    1.04e-05    0.8    0    -0.218594    0.00224824    0.005    0.01    0.08    0.1    0.3
17.2
4.4
0.5
70
0.17
3
27.2
8.31
-8
3000
650
0.04
0.0032
0.02
0.0057
0.6
0.7
30
0.435384  0.531811  0.635808  0.769728  0.965134  1.16842  1.39691  1.70629  2.56812  
0.0001    1.04e-05    0.8    0    0.324771    0.00420259    0.005    0.01    0.08    0.13    0.3
4.9
0.5
0.5
100
0.57
1
14.9
9.94
-6
2900
650
0.01
0.0028
0.02
0.0046
0.6
0.7
30
0.435384  0.531811  0.635808  0.769728  0.965134  1.16842  1.39691  1.70629  2.56812  
0.00036    1.04e-05    0.8    0    0.324771    0.00420259    0.005    0.01    0.08    0.13    0.3
8.4
1.8
0.5
100
0.46
1
18.4
9.94
-6
2900
650
0.01
0.0028
0.02
0.0046
0.6
0.7
30
0.435384  0.531811  0.635808  0.769728  0.965134  1.16842  1.39691  1.70629  2.56812  
0.00078    1.04e-05    0.8    0    0.324771    0.00420259    0.005    0.01    0.08    0.14    0.3
12.2
3.9
0.5
100
0.42
1
22.2
9.94
-6
2900
650
0.01
0.0028
0.02
0.0046
0.6
0.7
30
0.435384  0.531811  0.635808  0.769728  0.965134  1.16842  1.39691  1.70629  2.56812  
0.0014    1.04e-05    0.8    0    0.324771    0.00420259    0.005    0.01    0.08    0.12    0.3
18.3
7
0.5
100
0.24
1
28.3
9.94
-6
2900
650
0.01
0.0028
0.02
0.0046
0.6
0.7
30
0.435384  0.531811  0.635808  0.769728  0.965134  1.16842  1.39691  1.70629  2.56812  
0.001    1.04e-05    0.8    0    -0.638748    0.00173205    0.005    0.01    0.08    0.12    0.3
2
5
0.5
50
0.31
0
12
10.44
-8
3500
650
0.04
0.0032
0.02
0.0093
0.6
0.7
30
0.435384  0.531811  0.635808  0.769728  0.965134  1.16842  1.39691  1.70629  2.56812  
0.001    1.04e-05    0.8    0    -0.638748    0.00173205    0.005    0.01    0.08    0.12    0.3
2
5
0.5
50
0.31
0
12
10.44
-8
3500
650
0.04
0.0032
0.02
0.0093
0.6
0.7
30
0.435384  0.531811  0.635808  0.769728  0.965134  1.16842  1.39691  1.70629  2.56812  
2e-06    0.0002    0.8    0    -0.638748    0.00173205    2.18878    0.01    0.08    0.5    0.3
0.1
0.01
0.5
0
0.5
0
2.1
12.02
-8
4200
650
0.02
0.007
0.001
0.0093
0.6
0.7
30
0.435384  0.531811  0.635808  0.769728  0.965134  1.16842  1.39691  1.70629  2.56812  

Subsurface parameters: 
0.256814    1    2.63981    50    0.546471    1.57031    0.0367489    0.023095    0
0.551392    1    5    50    0.999919    1    0.00879615    0.202524    0
0.394908    1    1.83127    50    0.873821    1.26453    0.00207409    0.0306277    0
0.804561    1    4.15012    50    1    1.06073    0.00444052    0.0128637    0
0.804561    1    4.15012    50    1    1.06073    0.00444052    0.0128637    0
0.804561    1    4.15012    50    1    1.06073    0.00444052    0.0128637    0
0.804561    1    4.15012    50    1    1.06073    0.00444052    0.0128637    0


Number of landscape elements selected for time series output: 0

Precipitation and temperature correction for catchments: 
0  20268  1  0
1  20279  1  0
2  20323  1  0
3  20634  1  0
4  120171  1  0
5  120178  1  0
6  120215  1  0
7  160140  1  0
20268   precCorr  1    tempCorr  0
20279   precCorr  1    tempCorr  0
20323   precCorr  1    tempCorr  0
20634   precCorr  1    tempCorr  0
120171   precCorr  1    tempCorr  0
120178   precCorr  1    tempCorr  0
120215   precCorr  1    tempCorr  0
160140   precCorr  1    tempCorr  0

    Sub-catchment :  20268

    Nash-Sutcliffe efficiency                           -9999.00
    Root mean square error                              -9999.00
    Bias (volume error)                                 -9999.00
    Pearson's product-moment correlation coefficient    -9999.00


    Sub-catchment :  20279

    Nash-Sutcliffe efficiency                           -9999.00
    Root mean square error                              -9999.00
    Bias (volume error)                                 -9999.00
    Pearson's product-moment correlation coefficient    -9999.00


    Sub-catchment :  20323

    Nash-Sutcliffe efficiency                           -9999.00
    Root mean square error                              -9999.00
    Bias (volume error)                                 -9999.00
    Pearson's product-moment correlation coefficient    -9999.00


    Sub-catchment :  20634

    Nash-Sutcliffe efficiency                           -9999.00
    Root mean square error                              -9999.00
    Bias (volume error)                                 -9999.00
    Pearson's product-moment correlation coefficient    -9999.00


    Sub-catchment :  120171

    Nash-Sutcliffe efficiency                           -9999.00
    Root mean square error                              -9999.00
    Bias (volume error)                                 -9999.00
    Pearson's product-moment correlation coefficient    -9999.00


    Sub-catchment :  120178

    Nash-Sutcliffe efficiency                           -9999.00
    Root mean square error                              -9999.00
    Bias (volume error)                                 -9999.00
    Pearson's product-moment correlation coefficient    -9999.00


    Sub-catchment :  120215

    Nash-Sutcliffe efficiency                           -9999.00
    Root mean square error                              -9999.00
    Bias (volume error)                                 -9999.00
    Pearson's product-moment correlation coefficient    -9999.00


    Sub-catchment :  160140

    Nash-Sutcliffe efficiency                           -9999.00
    Root mean square error                              -9999.00
    Bias (volume error)                                 -9999.00
    Pearson's product-moment correlation coefficient    -9999.00


