 Index of grid cells relative to upper left corner of rectangle with no. of rows = 1550 and no. of columns = 1195
          1348181  
          1348182  
          1348183  
          1348184  
          1349375  
          1349376  
          1349377  
          1349378  
          1349379  
          1350569  
          1350570  
          1350571  
          1350572  
          1350573  
          1350574  
          1350575  
          1350578  
          1350579  
          1351763  
          1351764  
          1351765  
          1351766  
          1351767  
          1351768  
          1351769  
          1351770  
          1351771  
          1351772  
          1351773  
          1351774  
          1351775  
          1351776  
          1351777  
          1352956  
          1352957  
          1352958  
          1352959  
          1352960  
          1352961  
          1352962  
          1352963  
          1352964  
          1352965  
          1352966  
          1352967  
          1352968  
          1352969  
          1352970  
          1352971  
          1352972  
          1352973  
          1352974  
          1354150  
          1354151  
          1354152  
          1354153  
          1354154  
          1354155  
          1354156  
          1354157  
          1354158  
          1354159  
          1354160  
          1354161  
          1354162  
          1354163  
          1354164  
          1354165  
          1354166  
          1354167  
          1354168  
          1354169  
          1355344  
          1355345  
          1355346  
          1355347  
          1355348  
          1355349  
          1355350  
          1355351  
          1355352  
          1355353  
          1355354  
          1355355  
          1355356  
          1355357  
          1355358  
          1355359  
          1355360  
          1355361  
          1355362  
          1355363  
          1355364  
          1356532  
          1356533  
          1356534  
          1356535  
          1356536  
          1356537  
          1356538  
          1356539  
          1356540  
          1356541  
          1356542  
          1356543  
          1356544  
          1356545  
          1356546  
          1356547  
          1356548  
          1356549  
          1356550  
          1356551  
          1356552  
          1356553  
          1356554  
          1356555  
          1356556  
          1356557  
          1356558  
          1356559  
          1356560  
          1357725  
          1357726  
          1357727  
          1357728  
          1357729  
          1357730  
          1357731  
          1357732  
          1357733  
          1357734  
          1357735  
          1357736  
          1357737  
          1357738  
          1357739  
          1357740  
          1357741  
          1357742  
          1357743  
          1357744  
          1357745  
          1357746  
          1357747  
          1357748  
          1357749  
          1357750  
          1357751  
          1357752  
          1357753  
          1358920  
          1358921  
          1358922  
          1358923  
          1358924  
          1358925  
          1358926  
          1358927  
          1358928  
          1358929  
          1358930  
          1358931  
          1358932  
          1358933  
          1358934  
          1358935  
          1358936  
          1358937  
          1358938  
          1358939  
          1358940  
          1358941  
          1358942  
          1358943  
          1358944  
          1358945  
          1358946  
          1358947  
          1360114  
          1360115  
          1360116  
          1360117  
          1360118  
          1360119  
          1360120  
          1360121  
          1360122  
          1360123  
          1360124  
          1360125  
          1360126  
          1360127  
          1360128  
          1360129  
          1360130  
          1360131  
          1360132  
          1360133  
          1360134  
          1360135  
          1360136  
          1360137  
          1360138  
          1360139  
          1360140  
          1360141  
          1360142  
          1360143  
          1361309  
          1361310  
          1361311  
          1361312  
          1361313  
          1361314  
          1361315  
          1361316  
          1361317  
          1361318  
          1361319  
          1361320  
          1361321  
          1361322  
          1361323  
          1361324  
          1361325  
          1361326  
          1361327  
          1361328  
          1361329  
          1361330  
          1361331  
          1361332  
          1361333  
          1361334  
          1361335  
          1361336  
          1361337  
          1361338  
          1361339  
          1362501  
          1362504  
          1362505  
          1362506  
          1362507  
          1362508  
          1362509  
          1362510  
          1362511  
          1362512  
          1362513  
          1362514  
          1362515  
          1362516  
          1362517  
          1362518  
          1362519  
          1362520  
          1362521  
          1362522  
          1362523  
          1362524  
          1362525  
          1362526  
          1362527  
          1362528  
          1362529  
          1362530  
          1362531  
          1362532  
          1362533  
          1362534  
          1363695  
          1363696  
          1363697  
          1363698  
          1363699  
          1363700  
          1363701  
          1363702  
          1363703  
          1363704  
          1363705  
          1363706  
          1363707  
          1363708  
          1363709  
          1363710  
          1363711  
          1363712  
          1363713  
          1363714  
          1363715  
          1363716  
          1363717  
          1363718  
          1363719  
          1363720  
          1363721  
          1363722  
          1363723  
          1363724  
          1363725  
          1363726  
          1363727  
          1363728  
          1363729  
          1364889  
          1364890  
          1364891  
          1364892  
          1364893  
          1364894  
          1364895  
          1364896  
          1364897  
          1364898  
          1364899  
          1364900  
          1364901  
          1364902  
          1364903  
          1364904  
          1364905  
          1364906  
          1364907  
          1364908  
          1364909  
          1364910  
          1364911  
          1364912  
          1364913  
          1364914  
          1364915  
          1364916  
          1364917  
          1364918  
          1364919  
          1364920  
          1364921  
          1364922  
          1364923  
          1364924  
          1364925  
          1366084  
          1366085  
          1366086  
          1366087  
          1366088  
          1366089  
          1366090  
          1366091  
          1366092  
          1366093  
          1366094  
          1366095  
          1366096  
          1366097  
          1366098  
          1366099  
          1366100  
          1366101  
          1366102  
          1366103  
          1366104  
          1366105  
          1366106  
          1366107  
          1366108  
          1366109  
          1366110  
          1366111  
          1366112  
          1366113  
          1366114  
          1366115  
          1366116  
          1366117  
          1366118  
          1367279  
          1367280  
          1367281  
          1367282  
          1367283  
          1367284  
          1367285  
          1367286  
          1367287  
          1367288  
          1367289  
          1367290  
          1367291  
          1367292  
          1367293  
          1367294  
          1367295  
          1367296  
          1367297  
          1367298  
          1367299  
          1367300  
          1367301  
          1367302  
          1367303  
          1367304  
          1367305  
          1367306  
          1367307  
          1367308  
          1367309  
          1367310  
          1367311  
          1367312  
          1367313  
          1367314  
          1368473  
          1368474  
          1368475  
          1368476  
          1368477  
          1368478  
          1368479  
          1368480  
          1368481  
          1368482  
          1368483  
          1368484  
          1368485  
          1368486  
          1368487  
          1368488  
          1368489  
          1368490  
          1368491  
          1368492  
          1368493  
          1368494  
          1368495  
          1368496  
          1368497  
          1368498  
          1368499  
          1368500  
          1368501  
          1368502  
          1368503  
          1368504  
          1368505  
          1368506  
          1368507  
          1368508  
          1369668  
          1369674  
          1369675  
          1369676  
          1369677  
          1369678  
          1369679  
          1369680  
          1369681  
          1369682  
          1369683  
          1369684  
          1369685  
          1369686  
          1369687  
          1369688  
          1369689  
          1369690  
          1369691  
          1369692  
          1369693  
          1369694  
          1369695  
          1369696  
          1369697  
          1369698  
          1369699  
          1369700  
          1369701  
          1369702  
          1369703  
          1370869  
          1370870  
          1370871  
          1370872  
          1370873  
          1370874  
          1370875  
          1370876  
          1370877  
          1370878  
          1370879  
          1370880  
          1370881  
          1370882  
          1370883  
          1370884  
          1370885  
          1370886  
          1370887  
          1370888  
          1370889  
          1370890  
          1370891  
          1370892  
          1370893  
          1370894  
          1370895  
          1370896  
          1370897  
          1370898  
          1372063  
          1372064  
          1372065  
          1372066  
          1372067  
          1372068  
          1372069  
          1372070  
          1372071  
          1372072  
          1372073  
          1372074  
          1372075  
          1372076  
          1372077  
          1372078  
          1372079  
          1372080  
          1372081  
          1372082  
          1372083  
          1372084  
          1372085  
          1372086  
          1372087  
          1372088  
          1372089  
          1372090  
          1372091  
          1372092  
          1373258  
          1373259  
          1373260  
          1373261  
          1373262  
          1373263  
          1373264  
          1373265  
          1373266  
          1373267  
          1373268  
          1373269  
          1373270  
          1373271  
          1373272  
          1373273  
          1373274  
          1373275  
          1373276  
          1373277  
          1373278  
          1373279  
          1373280  
          1373281  
          1373282  
          1373283  
          1373284  
          1373285  
          1373286  
          1373287  
          1374455  
          1374456  
          1374457  
          1374458  
          1374459  
          1374460  
          1374461  
          1374462  
          1374463  
          1374464  
          1374465  
          1374466  
          1374467  
          1374468  
          1374469  
          1374470  
          1374471  
          1374472  
          1374473  
          1374474  
          1374475  
          1374476  
          1374477  
          1374478  
          1374479  
          1374480  
          1374481  
          1374482  
          1375650  
          1375651  
          1375652  
          1375653  
          1375654  
          1375655  
          1375656  
          1375657  
          1375658  
          1375659  
          1375660  
          1375661  
          1375662  
          1375663  
          1375664  
          1375665  
          1375666  
          1375667  
          1375668  
          1375669  
          1375670  
          1375671  
          1375672  
          1375673  
          1375674  
          1375675  
          1375676  
          1375677  
          1376844  
          1376845  
          1376846  
          1376847  
          1376848  
          1376849  
          1376850  
          1376851  
          1376852  
          1376853  
          1376854  
          1376855  
          1376856  
          1376857  
          1376858  
          1376859  
          1376860  
          1376861  
          1376862  
          1376863  
          1376864  
          1376865  
          1376866  
          1376867  
          1376868  
          1376869  
          1376870  
          1376871  
          1376872  
          1378039  
          1378040  
          1378041  
          1378042  
          1378043  
          1378044  
          1378045  
          1378046  
          1378047  
          1378048  
          1378049  
          1378050  
          1378051  
          1378052  
          1378053  
          1378054  
          1378055  
          1378056  
          1378057  
          1378058  
          1378059  
          1378060  
          1378061  
          1378062  
          1378063  
          1378064  
          1379234  
          1379235  
          1379236  
          1379237  
          1379238  
          1379239  
          1379240  
          1379241  
          1379242  
          1379243  
          1379244  
          1379245  
          1379246  
          1379247  
          1379248  
          1379249  
          1379250  
          1379251  
          1379252  
          1379253  
          1379254  
          1379255  
          1379256  
          1379257  
          1379258  
          1380429  
          1380430  
          1380431  
          1380432  
          1380433  
          1380434  
          1380435  
          1380436  
          1380437  
          1380438  
          1380439  
          1380440  
          1380441  
          1380442  
          1380443  
          1380444  
          1380445  
          1380446  
          1380447  
          1380448  
          1380449  
          1380450  
          1380451  
          1380452  
          1380453  
          1381625  
          1381628  
          1381629  
          1381630  
          1381631  
          1381632  
          1381633  
          1381634  
          1381635  
          1381636  
          1381637  
          1381638  
          1381639  
          1381640  
          1381641  
          1381642  
          1381643  
          1381644  
          1381645  
          1381646  
          1381647  
          1382823  
          1382824  
          1382826  
          1382827  
          1382828  
          1382829  
          1382830  
          1382831  
          1382832  
          1382833  
          1382834  
          1382835  
          1382836  
          1382837  
          1382838  
          1382839  
          1382840  
          1382841  
          1382842  
          1384019  
          1384022  
          1384027  
          1384028  
          1384029  
          1384030  
          1384031  
          1384032  
          1384033  
          1384034  
          1384035  
          1385224  
          1385225  
          1385226  
          1385227  
          1385228  
          1385229  
          1385230  
          1386425  
          1459299  
          1459300  
          1460494  
          1460495  
          1460496  
          1461689  
          1461690  
          1461691  
          1461692  
          1462876  
          1462877  
          1462878  
          1462883  
          1462884  
          1462885  
          1462886  
          1462887  
          1462888  
          1464072  
          1464073  
          1464074  
          1464077  
          1464078  
          1464079  
          1464080  
          1464081  
          1464082  
          1464083  
          1464084  
          1465267  
          1465268  
          1465269  
          1465270  
          1465271  
          1465272  
          1465273  
          1465274  
          1465275  
          1465276  
          1465277  
          1465278  
          1465279  
          1465280  
          1465281  
          1466462  
          1466463  
          1466464  
          1466465  
          1466466  
          1466467  
          1466468  
          1466469  
          1466470  
          1466471  
          1466472  
          1466473  
          1466474  
          1466475  
          1466476  
          1467657  
          1467658  
          1467659  
          1467660  
          1467661  
          1467662  
          1467663  
          1467664  
          1467665  
          1467666  
          1467667  
          1467668  
          1467669  
          1467670  
          1467671  
          1467672  
          1467673  
          1467674  
          1468853  
          1468854  
          1468855  
          1468856  
          1468857  
          1468858  
          1468859  
          1468860  
          1468861  
          1468862  
          1468863  
          1468864  
          1468865  
          1468866  
          1468867  
          1468868  
          1468869  
          1470049  
          1470050  
          1470052  
          1470053  
          1470054  
          1470055  
          1470056  
          1470057  
          1470058  
          1470059  
          1470060  
          1470061  
          1470062  
          1470063  
          1471249  
          1471250  
          1471252  
          1471253  
          1471254  
          1471255  
          1471256  
          1471257  
          1472448  
          1472449  
          1476196  
          1476197  
          1477391  
          1477392  
          1477393  
          1478585  
          1478586  
          1478587  
          1478588  
          1478589  
          1478590  
          1479779  
          1479780  
          1479781  
          1479782  
          1479783  
          1479784  
          1479785  
          1479786  
          1479787  
          1480975  
          1480976  
          1480977  
          1480978  
          1480979  
          1480980  
          1480981  
          1482170  
          1482171  
          1482172  
          1482173  
          1482174  
          1482175  
          1482176  
          1483367  
          1483368  
          1483369  
          1483370  
          1483371  
          1484564  
          1484565  
          1484566  
          1485760  
          1497598  
          1497599  
          1498791  
          1498792  
          1498793  
          1498794  
          1498795  
          1499985  
          1499986  
          1499987  
          1499988  
          1499989  
          1499990  
          1499991  
          1499992  
          1501180  
          1501181  
          1501182  
          1501183  
          1501184  
          1501185  
          1501186  
          1501187  
          1501188  
          1501189  
          1501191  
          1501192  
          1502375  
          1502376  
          1502377  
          1502378  
          1502379  
          1502380  
          1502381  
          1502382  
          1502383  
          1502384  
          1502385  
          1502386  
          1502387  
          1503569  
          1503570  
          1503571  
          1503572  
          1503573  
          1503574  
          1503575  
          1503576  
          1503577  
          1503578  
          1503579  
          1503580  
          1503581  
          1503582  
          1503583  
          1504764  
          1504765  
          1504766  
          1504767  
          1504768  
          1504769  
          1504770  
          1504771  
          1504772  
          1504773  
          1504774  
          1504775  
          1504776  
          1505959  
          1505960  
          1505961  
          1505965  
          1505966  
          1505967  
          1505968  
          1505969  
          1505970  
          1505971  
          1507160  
          1507161  
          1509624  
          1509625  
          1509626  
          1509627  
          1509628  
          1509629  
          1509630  
          1510818  
          1510819  
          1510820  
          1510821  
          1510822  
          1510823  
          1510824  
          1510825  
          1512012  
          1512013  
          1512014  
          1512015  
          1512016  
          1512017  
          1512018  
          1512019  
          1512020  
          1513207  
          1513208  
          1513209  
          1513210  
          1513211  
          1513212  
          1513213  
          1513214  
          1513215  
          1514402  
          1514403  
          1514404  
          1514405  
          1514406  
          1514407  
          1514408  
          1514409  
          1514410  
          1515597  
          1515598  
          1515599  
          1515600  
          1515601  
          1515602  
          1515603  
          1515604  
          1515605  
          1516792  
          1516793  
          1516794  
          1516795  
          1516796  
          1516797  
          1516798  
          1516799  
          1516800  
          1517987  
          1517988  
          1517989  
          1517990  
          1517991  
          1517992  
          1517993  
          1517994  
          1517995  
          1519182  
          1519183  
          1519184  
          1519185  
          1519186  
          1519187  
          1519188  
          1519189  
          1519190  
          1520378  
          1520379  
          1520380  
          1520381  
          1520382  
          1520383  
          1520384  
          1520385  
          1521573  
          1521574  
          1521575  
          1521576  
          1521577  
          1521578  
          1521579  
          1521580  
          1522768  
          1522769  
          1522770  
          1522771  
          1522772  
          1522773  
          1522774  
          1522775  
          1523963  
          1523964  
          1523965  
          1523966  
          1523967  
          1523968  
          1523969  
          1523970  
          1525158  
          1525159  
          1525160  
          1525161  
          1525162  
          1525163  
          1525164  
          1526354  
          1526355  
          1526356  
          1526357  
          1526358  
          1526359  
          1527550  
          1527551  
          1527552  
          1527553  
          1528745  
          1528746  
          1528747  
          1528748  
          1529940  
          1529941  
          1529942  
          1529943  
          1531134  
          1531135  
          1531136  
          1531137  
          1531138  
          1532329  
          1532330  
          1532331  
          1532332  
          1532333  
          1532334  
          1533524  
          1533525  
          1533526  
          1533527  
          1533528  
          1533529  
          1533530  
          1533531  
          1533532  
          1534719  
          1534720  
          1534721  
          1534722  
          1534723  
          1534725  
          1534726  
          1534727  
          1535914  
          1535915  
          1535916  
          1535917  
          1535918  
          1535920  
          1535921  
          1535922  
          1537109  
          1537110  
          1537111  
          1537112  
          1537117  
          1538307  
          1538308  
          1544193  
          1544194  
          1545388  
          1545389  
          1545390  
          1545470  
          1545471  
          1545472  
          1545473  
          1545474  
          1545475  
          1546584  
          1546585  
          1546586  
          1546665  
          1546666  
          1546667  
          1546668  
          1546669  
          1546670  
          1546671  
          1547778  
          1547779  
          1547780  
          1547781  
          1547782  
          1547859  
          1547860  
          1547861  
          1547862  
          1547863  
          1547864  
          1547865  
          1547866  
          1548972  
          1548973  
          1548974  
          1548975  
          1548976  
          1548977  
          1548978  
          1549054  
          1549055  
          1549056  
          1549057  
          1549058  
          1549059  
          1549060  
          1549061  
          1549062  
          1550167  
          1550168  
          1550169  
          1550170  
          1550171  
          1550172  
          1550173  
          1550248  
          1550249  
          1550250  
          1550251  
          1550252  
          1550253  
          1550254  
          1550255  
          1550256  
          1550257  
          1551359  
          1551360  
          1551361  
          1551362  
          1551363  
          1551364  
          1551365  
          1551366  
          1551367  
          1551368  
          1551369  
          1551370  
          1551371  
          1551444  
          1551445  
          1551446  
          1551447  
          1551448  
          1551449  
          1551450  
          1551451  
          1551452  
          1552554  
          1552555  
          1552556  
          1552557  
          1552558  
          1552559  
          1552560  
          1552561  
          1552562  
          1552563  
          1552564  
          1552565  
          1552569  
          1552640  
          1552641  
          1552642  
          1552643  
          1552644  
          1552645  
          1552646  
          1552647  
          1553748  
          1553749  
          1553750  
          1553751  
          1553752  
          1553753  
          1553754  
          1553755  
          1553756  
          1553757  
          1553758  
          1553759  
          1553760  
          1553761  
          1553762  
          1553763  
          1553764  
          1553765  
          1553834  
          1553835  
          1553836  
          1553837  
          1553838  
          1553839  
          1553840  
          1553841  
          1553842  
          1554944  
          1554945  
          1554946  
          1554948  
          1554949  
          1554950  
          1554951  
          1554952  
          1554953  
          1554954  
          1554955  
          1554956  
          1554957  
          1554958  
          1554959  
          1554960  
          1554962  
          1554963  
          1555030  
          1555031  
          1555032  
          1555033  
          1555034  
          1555035  
          1555036  
          1555037  
          1555038  
          1556143  
          1556144  
          1556145  
          1556146  
          1556147  
          1556148  
          1556149  
          1556150  
          1556151  
          1556152  
          1556153  
          1556154  
          1556155  
          1556156  
          1556157  
          1556158  
          1556225  
          1556226  
          1556227  
          1556228  
          1556229  
          1556230  
          1556231  
          1556232  
          1556233  
          1557337  
          1557338  
          1557339  
          1557340  
          1557341  
          1557342  
          1557343  
          1557344  
          1557345  
          1557346  
          1557347  
          1557348  
          1557349  
          1557350  
          1557351  
          1557352  
          1557353  
          1557420  
          1557421  
          1557422  
          1557423  
          1557424  
          1557425  
          1557426  
          1557427  
          1557428  
          1557429  
          1557430  
          1557431  
          1558534  
          1558535  
          1558536  
          1558537  
          1558538  
          1558539  
          1558540  
          1558541  
          1558542  
          1558543  
          1558544  
          1558545  
          1558546  
          1558547  
          1558548  
          1558615  
          1558616  
          1558617  
          1558618  
          1558619  
          1558620  
          1558621  
          1558622  
          1558623  
          1558624  
          1558625  
          1558626  
          1558627  
          1559621  
          1559622  
          1559728  
          1559729  
          1559730  
          1559731  
          1559732  
          1559733  
          1559734  
          1559735  
          1559736  
          1559737  
          1559738  
          1559739  
          1559740  
          1559741  
          1559742  
          1559743  
          1559811  
          1559812  
          1559813  
          1559814  
          1559815  
          1559816  
          1559817  
          1559818  
          1559819  
          1559820  
          1559821  
          1559822  
          1559823  
          1559824  
          1560803  
          1560815  
          1560816  
          1560817  
          1560818  
          1560924  
          1560925  
          1560926  
          1560927  
          1560928  
          1560929  
          1560930  
          1560931  
          1560932  
          1560933  
          1560934  
          1560935  
          1560936  
          1560937  
          1561007  
          1561008  
          1561009  
          1561010  
          1561011  
          1561012  
          1561013  
          1561014  
          1561015  
          1561016  
          1561017  
          1561018  
          1561019  
          1561020  
          1561021  
          1561998  
          1562000  
          1562009  
          1562010  
          1562011  
          1562012  
          1562013  
          1562118  
          1562119  
          1562120  
          1562121  
          1562122  
          1562123  
          1562124  
          1562125  
          1562126  
          1562127  
          1562128  
          1562129  
          1562130  
          1562131  
          1562132  
          1562202  
          1562203  
          1562204  
          1562205  
          1562206  
          1562207  
          1562208  
          1562209  
          1562210  
          1562211  
          1562212  
          1562213  
          1562214  
          1562215  
          1562216  
          1562217  
          1563192  
          1563193  
          1563194  
          1563195  
          1563196  
          1563197  
          1563198  
          1563203  
          1563204  
          1563205  
          1563206  
          1563207  
          1563312  
          1563313  
          1563314  
          1563315  
          1563316  
          1563317  
          1563318  
          1563319  
          1563320  
          1563321  
          1563322  
          1563323  
          1563324  
          1563325  
          1563326  
          1563397  
          1563398  
          1563399  
          1563400  
          1563401  
          1563402  
          1563403  
          1563404  
          1563405  
          1563406  
          1563407  
          1563408  
          1563409  
          1563410  
          1563411  
          1563412  
          1564388  
          1564389  
          1564390  
          1564391  
          1564392  
          1564393  
          1564394  
          1564395  
          1564396  
          1564397  
          1564398  
          1564399  
          1564400  
          1564401  
          1564402  
          1564403  
          1564404  
          1564405  
          1564410  
          1564507  
          1564508  
          1564509  
          1564510  
          1564511  
          1564512  
          1564513  
          1564514  
          1564515  
          1564516  
          1564517  
          1564518  
          1564519  
          1564520  
          1564521  
          1564593  
          1564594  
          1564595  
          1564596  
          1564597  
          1564598  
          1564599  
          1564600  
          1564601  
          1564602  
          1564603  
          1564604  
          1564605  
          1564606  
          1564607  
          1564608  
          1564609  
          1565582  
          1565583  
          1565584  
          1565585  
          1565586  
          1565587  
          1565588  
          1565589  
          1565590  
          1565591  
          1565592  
          1565593  
          1565594  
          1565595  
          1565596  
          1565597  
          1565598  
          1565599  
          1565600  
          1565601  
          1565602  
          1565603  
          1565604  
          1565605  
          1565619  
          1565620  
          1565704  
          1565705  
          1565706  
          1565707  
          1565708  
          1565709  
          1565710  
          1565711  
          1565712  
          1565713  
          1565714  
          1565715  
          1565716  
          1565787  
          1565788  
          1565789  
          1565790  
          1565791  
          1565792  
          1565793  
          1565794  
          1565795  
          1565796  
          1565797  
          1565798  
          1565799  
          1565800  
          1565801  
          1565802  
          1565803  
          1565804  
          1565805  
          1566777  
          1566778  
          1566779  
          1566780  
          1566781  
          1566782  
          1566783  
          1566784  
          1566785  
          1566786  
          1566787  
          1566788  
          1566789  
          1566790  
          1566791  
          1566792  
          1566793  
          1566794  
          1566795  
          1566796  
          1566797  
          1566798  
          1566799  
          1566800  
          1566812  
          1566813  
          1566814  
          1566815  
          1566816  
          1566900  
          1566901  
          1566902  
          1566903  
          1566904  
          1566905  
          1566906  
          1566907  
          1566908  
          1566909  
          1566910  
          1566911  
          1566982  
          1566983  
          1566984  
          1566985  
          1566986  
          1566987  
          1566988  
          1566989  
          1566990  
          1566991  
          1566992  
          1566993  
          1566994  
          1566995  
          1566996  
          1566997  
          1566998  
          1566999  
          1567000  
          1567001  
          1567972  
          1567973  
          1567974  
          1567975  
          1567976  
          1567977  
          1567978  
          1567979  
          1567980  
          1567981  
          1567982  
          1567983  
          1567984  
          1567985  
          1567986  
          1567987  
          1567988  
          1567989  
          1567990  
          1567991  
          1567992  
          1567993  
          1567994  
          1567995  
          1568004  
          1568008  
          1568009  
          1568010  
          1568011  
          1568012  
          1568097  
          1568098  
          1568099  
          1568100  
          1568101  
          1568102  
          1568103  
          1568104  
          1568105  
          1568106  
          1568178  
          1568179  
          1568180  
          1568181  
          1568182  
          1568183  
          1568184  
          1568185  
          1568186  
          1568187  
          1568188  
          1568189  
          1568190  
          1568191  
          1568192  
          1568193  
          1568194  
          1568195  
          1569167  
          1569168  
          1569169  
          1569170  
          1569171  
          1569172  
          1569173  
          1569174  
          1569175  
          1569176  
          1569177  
          1569178  
          1569179  
          1569180  
          1569181  
          1569182  
          1569183  
          1569184  
          1569185  
          1569186  
          1569187  
          1569188  
          1569189  
          1569190  
          1569194  
          1569195  
          1569197  
          1569198  
          1569199  
          1569200  
          1569202  
          1569203  
          1569204  
          1569205  
          1569206  
          1569207  
          1569210  
          1569292  
          1569293  
          1569294  
          1569295  
          1569296  
          1569297  
          1569298  
          1569299  
          1569300  
          1569301  
          1569375  
          1569376  
          1569377  
          1569378  
          1569379  
          1569380  
          1569381  
          1569382  
          1569383  
          1569384  
          1569385  
          1569386  
          1569387  
          1569388  
          1569389  
          1570363  
          1570364  
          1570365  
          1570366  
          1570367  
          1570368  
          1570369  
          1570370  
          1570371  
          1570372  
          1570373  
          1570374  
          1570375  
          1570376  
          1570377  
          1570378  
          1570379  
          1570380  
          1570381  
          1570382  
          1570383  
          1570384  
          1570385  
          1570386  
          1570387  
          1570388  
          1570389  
          1570391  
          1570392  
          1570393  
          1570394  
          1570395  
          1570396  
          1570397  
          1570398  
          1570399  
          1570400  
          1570401  
          1570402  
          1570403  
          1570404  
          1570405  
          1570406  
          1570486  
          1570487  
          1570488  
          1570489  
          1570490  
          1570491  
          1570492  
          1570493  
          1570494  
          1570495  
          1570496  
          1570497  
          1570571  
          1570572  
          1570573  
          1570574  
          1570575  
          1570576  
          1570577  
          1570578  
          1570579  
          1570580  
          1570581  
          1570582  
          1570583  
          1570584  
          1571557  
          1571558  
          1571559  
          1571560  
          1571561  
          1571562  
          1571563  
          1571564  
          1571565  
          1571566  
          1571567  
          1571568  
          1571569  
          1571570  
          1571571  
          1571572  
          1571573  
          1571574  
          1571575  
          1571576  
          1571577  
          1571578  
          1571579  
          1571580  
          1571581  
          1571582  
          1571583  
          1571584  
          1571585  
          1571586  
          1571587  
          1571588  
          1571589  
          1571590  
          1571591  
          1571592  
          1571593  
          1571594  
          1571595  
          1571596  
          1571597  
          1571598  
          1571599  
          1571600  
          1571601  
          1571602  
          1571603  
          1571604  
          1571681  
          1571682  
          1571683  
          1571684  
          1571685  
          1571686  
          1571687  
          1571688  
          1571689  
          1571690  
          1571691  
          1571767  
          1571768  
          1571769  
          1571770  
          1571771  
          1571772  
          1571773  
          1571774  
          1571775  
          1571776  
          1571777  
          1571778  
          1571779  
          1572751  
          1572752  
          1572753  
          1572754  
          1572755  
          1572756  
          1572757  
          1572758  
          1572759  
          1572760  
          1572761  
          1572762  
          1572763  
          1572764  
          1572765  
          1572766  
          1572767  
          1572768  
          1572769  
          1572770  
          1572771  
          1572772  
          1572773  
          1572774  
          1572775  
          1572776  
          1572777  
          1572778  
          1572779  
          1572780  
          1572781  
          1572782  
          1572783  
          1572784  
          1572785  
          1572786  
          1572787  
          1572788  
          1572789  
          1572790  
          1572791  
          1572792  
          1572793  
          1572794  
          1572795  
          1572796  
          1572797  
          1572798  
          1572799  
          1572800  
          1572876  
          1572877  
          1572878  
          1572879  
          1572880  
          1572881  
          1572882  
          1572883  
          1572884  
          1572885  
          1572961  
          1572962  
          1572963  
          1572964  
          1572965  
          1572966  
          1572967  
          1572968  
          1572969  
          1572970  
          1572971  
          1572972  
          1572973  
          1572974  
          1572978  
          1573945  
          1573946  
          1573947  
          1573948  
          1573949  
          1573950  
          1573951  
          1573952  
          1573953  
          1573954  
          1573955  
          1573956  
          1573957  
          1573958  
          1573959  
          1573960  
          1573961  
          1573962  
          1573963  
          1573964  
          1573965  
          1573966  
          1573967  
          1573968  
          1573969  
          1573970  
          1573971  
          1573972  
          1573973  
          1573974  
          1573975  
          1573976  
          1573977  
          1573978  
          1573979  
          1573980  
          1573981  
          1573982  
          1573983  
          1573984  
          1573985  
          1573986  
          1573987  
          1573988  
          1573989  
          1573990  
          1573991  
          1573992  
          1573993  
          1573994  
          1573995  
          1574071  
          1574072  
          1574073  
          1574074  
          1574075  
          1574076  
          1574077  
          1574078  
          1574079  
          1574080  
          1574155  
          1574156  
          1574157  
          1574158  
          1574159  
          1574160  
          1574161  
          1574162  
          1574163  
          1574164  
          1574165  
          1574166  
          1574167  
          1574168  
          1574169  
          1574170  
          1574171  
          1574172  
          1574173  
          1575141  
          1575142  
          1575143  
          1575144  
          1575145  
          1575146  
          1575147  
          1575148  
          1575149  
          1575150  
          1575151  
          1575152  
          1575153  
          1575154  
          1575155  
          1575156  
          1575157  
          1575158  
          1575159  
          1575160  
          1575161  
          1575162  
          1575163  
          1575164  
          1575165  
          1575166  
          1575167  
          1575168  
          1575169  
          1575170  
          1575171  
          1575172  
          1575173  
          1575174  
          1575175  
          1575176  
          1575177  
          1575178  
          1575179  
          1575180  
          1575181  
          1575182  
          1575183  
          1575184  
          1575185  
          1575186  
          1575187  
          1575188  
          1575189  
          1575190  
          1575191  
          1575268  
          1575269  
          1575270  
          1575271  
          1575272  
          1575273  
          1575275  
          1575351  
          1575352  
          1575353  
          1575354  
          1575355  
          1575356  
          1575357  
          1575358  
          1575359  
          1575360  
          1575361  
          1575362  
          1575363  
          1575364  
          1575365  
          1575366  
          1575367  
          1575368  
          1576336  
          1576337  
          1576338  
          1576339  
          1576340  
          1576341  
          1576342  
          1576343  
          1576344  
          1576345  
          1576346  
          1576347  
          1576348  
          1576349  
          1576350  
          1576351  
          1576352  
          1576353  
          1576354  
          1576355  
          1576356  
          1576357  
          1576358  
          1576359  
          1576360  
          1576361  
          1576362  
          1576363  
          1576364  
          1576365  
          1576366  
          1576367  
          1576368  
          1576369  
          1576370  
          1576371  
          1576372  
          1576373  
          1576374  
          1576375  
          1576376  
          1576377  
          1576378  
          1576379  
          1576380  
          1576381  
          1576382  
          1576383  
          1576384  
          1576385  
          1576386  
          1576387  
          1576464  
          1576465  
          1576547  
          1576548  
          1576549  
          1576550  
          1576551  
          1576552  
          1576553  
          1576554  
          1576555  
          1576556  
          1576557  
          1576558  
          1576559  
          1576560  
          1576561  
          1576562  
          1576563  
          1577534  
          1577535  
          1577536  
          1577537  
          1577538  
          1577539  
          1577540  
          1577541  
          1577542  
          1577543  
          1577544  
          1577545  
          1577546  
          1577547  
          1577548  
          1577549  
          1577550  
          1577551  
          1577552  
          1577553  
          1577554  
          1577555  
          1577556  
          1577557  
          1577558  
          1577559  
          1577560  
          1577561  
          1577562  
          1577563  
          1577564  
          1577565  
          1577566  
          1577567  
          1577568  
          1577569  
          1577570  
          1577571  
          1577572  
          1577573  
          1577574  
          1577575  
          1577576  
          1577659  
          1577744  
          1577745  
          1577746  
          1577747  
          1577748  
          1577749  
          1577750  
          1577751  
          1577752  
          1577753  
          1577754  
          1577755  
          1577756  
          1577757  
          1577758  
          1578733  
          1578735  
          1578736  
          1578737  
          1578738  
          1578739  
          1578740  
          1578741  
          1578742  
          1578743  
          1578744  
          1578745  
          1578746  
          1578747  
          1578748  
          1578749  
          1578750  
          1578751  
          1578752  
          1578753  
          1578754  
          1578755  
          1578756  
          1578757  
          1578758  
          1578759  
          1578760  
          1578761  
          1578762  
          1578763  
          1578764  
          1578765  
          1578766  
          1578767  
          1578768  
          1578941  
          1578942  
          1578943  
          1578944  
          1578945  
          1578946  
          1578947  
          1578948  
          1578949  
          1578950  
          1578951  
          1578952  
          1578953  
          1578954  
          1578955  
          1579932  
          1579933  
          1579934  
          1579935  
          1579936  
          1579937  
          1579938  
          1579939  
          1579940  
          1579941  
          1579942  
          1579943  
          1579944  
          1579945  
          1579946  
          1579947  
          1579948  
          1579949  
          1579950  
          1579951  
          1579952  
          1579953  
          1579954  
          1579955  
          1579956  
          1579957  
          1579958  
          1579959  
          1579960  
          1579961  
          1579962  
          1579963  
          1579964  
          1580138  
          1580140  
          1580141  
          1580142  
          1580143  
          1580144  
          1580145  
          1580146  
          1580147  
          1580148  
          1580149  
          1580150  
          1580151  
          1581129  
          1581130  
          1581131  
          1581133  
          1581134  
          1581135  
          1581136  
          1581137  
          1581138  
          1581139  
          1581140  
          1581141  
          1581142  
          1581143  
          1581144  
          1581145  
          1581146  
          1581147  
          1581148  
          1581149  
          1581150  
          1581151  
          1581152  
          1581153  
          1581154  
          1581155  
          1581156  
          1581157  
          1581158  
          1581159  
          1581160  
          1581336  
          1581337  
          1581338  
          1581339  
          1581340  
          1581341  
          1581342  
          1581343  
          1581344  
          1581345  
          1581346  
          1582331  
          1582332  
          1582333  
          1582334  
          1582335  
          1582336  
          1582337  
          1582338  
          1582339  
          1582340  
          1582341  
          1582342  
          1582343  
          1582344  
          1582345  
          1582346  
          1582347  
          1582348  
          1582349  
          1582350  
          1582351  
          1582352  
          1582353  
          1582354  
          1582355  
          1582356  
          1582357  
          1582531  
          1582532  
          1582533  
          1582534  
          1582535  
          1582536  
          1582537  
          1582538  
          1582539  
          1582540  
          1583526  
          1583527  
          1583528  
          1583529  
          1583530  
          1583531  
          1583532  
          1583533  
          1583534  
          1583535  
          1583536  
          1583537  
          1583538  
          1583539  
          1583540  
          1583541  
          1583542  
          1583543  
          1583544  
          1583545  
          1583546  
          1583547  
          1583548  
          1583549  
          1583550  
          1583551  
          1583727  
          1583728  
          1583729  
          1583730  
          1583731  
          1583732  
          1583733  
          1583734  
          1584721  
          1584722  
          1584723  
          1584724  
          1584725  
          1584726  
          1584727  
          1584728  
          1584729  
          1584730  
          1584731  
          1584732  
          1584733  
          1584734  
          1584735  
          1584736  
          1584737  
          1584738  
          1584739  
          1584740  
          1584741  
          1584742  
          1584743  
          1584744  
          1584745  
          1584746  
          1584922  
          1584923  
          1584924  
          1584925  
          1584926  
          1584927  
          1584928  
          1585917  
          1585918  
          1585919  
          1585920  
          1585921  
          1585922  
          1585923  
          1585924  
          1585925  
          1585926  
          1585927  
          1585928  
          1585929  
          1585930  
          1585931  
          1585932  
          1585933  
          1585934  
          1585935  
          1585936  
          1585937  
          1585938  
          1585939  
          1585940  
          1587116  
          1587117  
          1587118  
          1587119  
          1587120  
          1587121  
          1587122  
          1587123  
          1587124  
          1587125  
          1587126  
          1587127  
          1587128  
          1587129  
          1587130  
          1587131  
          1587132  
          1587133  
          1587134  
          1587136  
          1588313  
          1588314  
          1588315  
          1588316  
          1588317  
          1588318  
          1588319  
          1588320  
          1588321  
          1588322  
          1588323  
          1588324  
          1588325  
          1588326  
          1589508  
          1589509  
          1589510  
          1589511  
          1589512  
          1589513  
          1589514  
          1589515  
          1589516  
          1589517  
          1589518  
          1589519  
          1589520  
          1589521  
          1590702  
          1590703  
          1590704  
          1590705  
          1590706  
          1590707  
          1590708  
          1590709  
          1590710  
          1590711  
          1590712  
          1590713  
          1590714  
          1590715  
          1590716  
          1591903  
          1591904  
          1591905  
          1591906  
          1591907  
          1591908  
          1591909  
          1591910  
          1591911  
          1591912  
          1593099  
          1593100  
          1593101  
          1593102  
          1593103  
          1593104  
          1593105  
          1593106  
          1594295  
          1594296  
          1594297  
          1594298  
          1594299  
          1594300  
          1594301  
          1594302  
          1595490  
          1595491  
          1595492  
          1595493  
          1595494  
          1595495  
          1596686  
          1596687  
          1596688  
          1596689  
          1596690  
          1596691  
          1597882  
          1597883  
          1597884  
          1597885  
          1597886  
          1599077  
          1599078  
          1599079  
          1599080  
          1599081  
          1600272  
          1600273  
          1601467  
