#  20268  #  792
0  1348181
1  1348182
2  1348183
3  1348184
4  1349375
5  1349376
6  1349377
7  1349378
8  1349379
9  1350569
10  1350570
11  1350571
12  1350572
13  1350573
14  1350574
15  1350575
16  1350578
17  1350579
18  1351763
19  1351764
20  1351765
21  1351766
22  1351767
23  1351768
24  1351769
25  1351770
26  1351771
27  1351772
28  1351773
29  1351774
30  1351775
31  1351776
32  1351777
33  1352956
34  1352957
35  1352958
36  1352959
37  1352960
38  1352961
39  1352962
40  1352963
41  1352964
42  1352965
43  1352966
44  1352967
45  1352968
46  1352969
47  1352970
48  1352971
49  1352972
50  1352973
51  1352974
52  1354150
53  1354151
54  1354152
55  1354153
56  1354154
57  1354155
58  1354156
59  1354157
60  1354158
61  1354159
62  1354160
63  1354161
64  1354162
65  1354163
66  1354164
67  1354165
68  1354166
69  1354167
70  1354168
71  1354169
72  1355344
73  1355345
74  1355346
75  1355347
76  1355348
77  1355349
78  1355350
79  1355351
80  1355352
81  1355353
82  1355354
83  1355355
84  1355356
85  1355357
86  1355358
87  1355359
88  1355360
89  1355361
90  1355362
91  1355363
92  1355364
93  1356532
94  1356533
95  1356534
96  1356535
97  1356536
98  1356537
99  1356538
100  1356539
101  1356540
102  1356541
103  1356542
104  1356543
105  1356544
106  1356545
107  1356546
108  1356547
109  1356548
110  1356549
111  1356550
112  1356551
113  1356552
114  1356553
115  1356554
116  1356555
117  1356556
118  1356557
119  1356558
120  1356559
121  1356560
122  1357725
123  1357726
124  1357727
125  1357728
126  1357729
127  1357730
128  1357731
129  1357732
130  1357733
131  1357734
132  1357735
133  1357736
134  1357737
135  1357738
136  1357739
137  1357740
138  1357741
139  1357742
140  1357743
141  1357744
142  1357745
143  1357746
144  1357747
145  1357748
146  1357749
147  1357750
148  1357751
149  1357752
150  1357753
151  1358920
152  1358921
153  1358922
154  1358923
155  1358924
156  1358925
157  1358926
158  1358927
159  1358928
160  1358929
161  1358930
162  1358931
163  1358932
164  1358933
165  1358934
166  1358935
167  1358936
168  1358937
169  1358938
170  1358939
171  1358940
172  1358941
173  1358942
174  1358943
175  1358944
176  1358945
177  1358946
178  1358947
179  1360114
180  1360115
181  1360116
182  1360117
183  1360118
184  1360119
185  1360120
186  1360121
187  1360122
188  1360123
189  1360124
190  1360125
191  1360126
192  1360127
193  1360128
194  1360129
195  1360130
196  1360131
197  1360132
198  1360133
199  1360134
200  1360135
201  1360136
202  1360137
203  1360138
204  1360139
205  1360140
206  1360141
207  1360142
208  1360143
209  1361309
210  1361310
211  1361311
212  1361312
213  1361313
214  1361314
215  1361315
216  1361316
217  1361317
218  1361318
219  1361319
220  1361320
221  1361321
222  1361322
223  1361323
224  1361324
225  1361325
226  1361326
227  1361327
228  1361328
229  1361329
230  1361330
231  1361331
232  1361332
233  1361333
234  1361334
235  1361335
236  1361336
237  1361337
238  1361338
239  1361339
240  1362501
241  1362504
242  1362505
243  1362506
244  1362507
245  1362508
246  1362509
247  1362510
248  1362511
249  1362512
250  1362513
251  1362514
252  1362515
253  1362516
254  1362517
255  1362518
256  1362519
257  1362520
258  1362521
259  1362522
260  1362523
261  1362524
262  1362525
263  1362526
264  1362527
265  1362528
266  1362529
267  1362530
268  1362531
269  1362532
270  1362533
271  1362534
272  1363695
273  1363696
274  1363697
275  1363698
276  1363699
277  1363700
278  1363701
279  1363702
280  1363703
281  1363704
282  1363705
283  1363706
284  1363707
285  1363708
286  1363709
287  1363710
288  1363711
289  1363712
290  1363713
291  1363714
292  1363715
293  1363716
294  1363717
295  1363718
296  1363719
297  1363720
298  1363721
299  1363722
300  1363723
301  1363724
302  1363725
303  1363726
304  1363727
305  1363728
306  1363729
307  1364889
308  1364890
309  1364891
310  1364892
311  1364893
312  1364894
313  1364895
314  1364896
315  1364897
316  1364898
317  1364899
318  1364900
319  1364901
320  1364902
321  1364903
322  1364904
323  1364905
324  1364906
325  1364907
326  1364908
327  1364909
328  1364910
329  1364911
330  1364912
331  1364913
332  1364914
333  1364915
334  1364916
335  1364917
336  1364918
337  1364919
338  1364920
339  1364921
340  1364922
341  1364923
342  1364924
343  1364925
344  1366084
345  1366085
346  1366086
347  1366087
348  1366088
349  1366089
350  1366090
351  1366091
352  1366092
353  1366093
354  1366094
355  1366095
356  1366096
357  1366097
358  1366098
359  1366099
360  1366100
361  1366101
362  1366102
363  1366103
364  1366104
365  1366105
366  1366106
367  1366107
368  1366108
369  1366109
370  1366110
371  1366111
372  1366112
373  1366113
374  1366114
375  1366115
376  1366116
377  1366117
378  1366118
379  1367279
380  1367280
381  1367281
382  1367282
383  1367283
384  1367284
385  1367285
386  1367286
387  1367287
388  1367288
389  1367289
390  1367290
391  1367291
392  1367292
393  1367293
394  1367294
395  1367295
396  1367296
397  1367297
398  1367298
399  1367299
400  1367300
401  1367301
402  1367302
403  1367303
404  1367304
405  1367305
406  1367306
407  1367307
408  1367308
409  1367309
410  1367310
411  1367311
412  1367312
413  1367313
414  1367314
415  1368473
416  1368474
417  1368475
418  1368476
419  1368477
420  1368478
421  1368479
422  1368480
423  1368481
424  1368482
425  1368483
426  1368484
427  1368485
428  1368486
429  1368487
430  1368488
431  1368489
432  1368490
433  1368491
434  1368492
435  1368493
436  1368494
437  1368495
438  1368496
439  1368497
440  1368498
441  1368499
442  1368500
443  1368501
444  1368502
445  1368503
446  1368504
447  1368505
448  1368506
449  1368507
450  1368508
451  1369668
452  1369674
453  1369675
454  1369676
455  1369677
456  1369678
457  1369679
458  1369680
459  1369681
460  1369682
461  1369683
462  1369684
463  1369685
464  1369686
465  1369687
466  1369688
467  1369689
468  1369690
469  1369691
470  1369692
471  1369693
472  1369694
473  1369695
474  1369696
475  1369697
476  1369698
477  1369699
478  1369700
479  1369701
480  1369702
481  1369703
482  1370869
483  1370870
484  1370871
485  1370872
486  1370873
487  1370874
488  1370875
489  1370876
490  1370877
491  1370878
492  1370879
493  1370880
494  1370881
495  1370882
496  1370883
497  1370884
498  1370885
499  1370886
500  1370887
501  1370888
502  1370889
503  1370890
504  1370891
505  1370892
506  1370893
507  1370894
508  1370895
509  1370896
510  1370897
511  1370898
512  1372063
513  1372064
514  1372065
515  1372066
516  1372067
517  1372068
518  1372069
519  1372070
520  1372071
521  1372072
522  1372073
523  1372074
524  1372075
525  1372076
526  1372077
527  1372078
528  1372079
529  1372080
530  1372081
531  1372082
532  1372083
533  1372084
534  1372085
535  1372086
536  1372087
537  1372088
538  1372089
539  1372090
540  1372091
541  1372092
542  1373258
543  1373259
544  1373260
545  1373261
546  1373262
547  1373263
548  1373264
549  1373265
550  1373266
551  1373267
552  1373268
553  1373269
554  1373270
555  1373271
556  1373272
557  1373273
558  1373274
559  1373275
560  1373276
561  1373277
562  1373278
563  1373279
564  1373280
565  1373281
566  1373282
567  1373283
568  1373284
569  1373285
570  1373286
571  1373287
572  1374455
573  1374456
574  1374457
575  1374458
576  1374459
577  1374460
578  1374461
579  1374462
580  1374463
581  1374464
582  1374465
583  1374466
584  1374467
585  1374468
586  1374469
587  1374470
588  1374471
589  1374472
590  1374473
591  1374474
592  1374475
593  1374476
594  1374477
595  1374478
596  1374479
597  1374480
598  1374481
599  1374482
600  1375650
601  1375651
602  1375652
603  1375653
604  1375654
605  1375655
606  1375656
607  1375657
608  1375658
609  1375659
610  1375660
611  1375661
612  1375662
613  1375663
614  1375664
615  1375665
616  1375666
617  1375667
618  1375668
619  1375669
620  1375670
621  1375671
622  1375672
623  1375673
624  1375674
625  1375675
626  1375676
627  1375677
628  1376844
629  1376845
630  1376846
631  1376847
632  1376848
633  1376849
634  1376850
635  1376851
636  1376852
637  1376853
638  1376854
639  1376855
640  1376856
641  1376857
642  1376858
643  1376859
644  1376860
645  1376861
646  1376862
647  1376863
648  1376864
649  1376865
650  1376866
651  1376867
652  1376868
653  1376869
654  1376870
655  1376871
656  1376872
657  1378039
658  1378040
659  1378041
660  1378042
661  1378043
662  1378044
663  1378045
664  1378046
665  1378047
666  1378048
667  1378049
668  1378050
669  1378051
670  1378052
671  1378053
672  1378054
673  1378055
674  1378056
675  1378057
676  1378058
677  1378059
678  1378060
679  1378061
680  1378062
681  1378063
682  1378064
683  1379234
684  1379235
685  1379236
686  1379237
687  1379238
688  1379239
689  1379240
690  1379241
691  1379242
692  1379243
693  1379244
694  1379245
695  1379246
696  1379247
697  1379248
698  1379249
699  1379250
700  1379251
701  1379252
702  1379253
703  1379254
704  1379255
705  1379256
706  1379257
707  1379258
708  1380429
709  1380430
710  1380431
711  1380432
712  1380433
713  1380434
714  1380435
715  1380436
716  1380437
717  1380438
718  1380439
719  1380440
720  1380441
721  1380442
722  1380443
723  1380444
724  1380445
725  1380446
726  1380447
727  1380448
728  1380449
729  1380450
730  1380451
731  1380452
732  1380453
733  1381625
734  1381628
735  1381629
736  1381630
737  1381631
738  1381632
739  1381633
740  1381634
741  1381635
742  1381636
743  1381637
744  1381638
745  1381639
746  1381640
747  1381641
748  1381642
749  1381643
750  1381644
751  1381645
752  1381646
753  1381647
754  1382823
755  1382824
756  1382826
757  1382827
758  1382828
759  1382829
760  1382830
761  1382831
762  1382832
763  1382833
764  1382834
765  1382835
766  1382836
767  1382837
768  1382838
769  1382839
770  1382840
771  1382841
772  1382842
773  1384019
774  1384022
775  1384027
776  1384028
777  1384029
778  1384030
779  1384031
780  1384032
781  1384033
782  1384034
783  1384035
784  1385224
785  1385225
786  1385226
787  1385227
788  1385228
789  1385229
790  1385230
791  1386425
#  20279  #  434
1216  1545470
1217  1545471
1218  1545472
1219  1545473
1220  1545474
1221  1545475
1225  1546665
1226  1546666
1227  1546667
1228  1546668
1229  1546669
1230  1546670
1231  1546671
1237  1547859
1238  1547860
1239  1547861
1240  1547862
1241  1547863
1242  1547864
1243  1547865
1244  1547866
1252  1549054
1253  1549055
1254  1549056
1255  1549057
1256  1549058
1257  1549059
1258  1549060
1259  1549061
1260  1549062
1268  1550248
1269  1550249
1270  1550250
1271  1550251
1272  1550252
1273  1550253
1274  1550254
1275  1550255
1276  1550256
1277  1550257
1291  1551444
1292  1551445
1293  1551446
1294  1551447
1295  1551448
1296  1551449
1297  1551450
1298  1551451
1299  1551452
1313  1552640
1314  1552641
1315  1552642
1316  1552643
1317  1552644
1318  1552645
1319  1552646
1320  1552647
1339  1553834
1340  1553835
1341  1553836
1342  1553837
1343  1553838
1344  1553839
1345  1553840
1346  1553841
1347  1553842
1366  1555030
1367  1555031
1368  1555032
1369  1555033
1370  1555034
1371  1555035
1372  1555036
1373  1555037
1374  1555038
1391  1556225
1392  1556226
1393  1556227
1394  1556228
1395  1556229
1396  1556230
1397  1556231
1398  1556232
1399  1556233
1417  1557420
1418  1557421
1419  1557422
1420  1557423
1421  1557424
1422  1557425
1423  1557426
1424  1557427
1425  1557428
1426  1557429
1427  1557430
1428  1557431
1444  1558615
1445  1558616
1446  1558617
1447  1558618
1448  1558619
1449  1558620
1450  1558621
1451  1558622
1452  1558623
1453  1558624
1454  1558625
1455  1558626
1456  1558627
1475  1559811
1476  1559812
1477  1559813
1478  1559814
1479  1559815
1480  1559816
1481  1559817
1482  1559818
1483  1559819
1484  1559820
1485  1559821
1486  1559822
1487  1559823
1488  1559824
1508  1561007
1509  1561008
1510  1561009
1511  1561010
1512  1561011
1513  1561012
1514  1561013
1515  1561014
1516  1561015
1517  1561016
1518  1561017
1519  1561018
1520  1561019
1521  1561020
1522  1561021
1545  1562202
1546  1562203
1547  1562204
1548  1562205
1549  1562206
1550  1562207
1551  1562208
1552  1562209
1553  1562210
1554  1562211
1555  1562212
1556  1562213
1557  1562214
1558  1562215
1559  1562216
1560  1562217
1588  1563397
1589  1563398
1590  1563399
1591  1563400
1592  1563401
1593  1563402
1594  1563403
1595  1563404
1596  1563405
1597  1563406
1598  1563407
1599  1563408
1600  1563409
1601  1563410
1602  1563411
1603  1563412
1638  1564593
1639  1564594
1640  1564595
1641  1564596
1642  1564597
1643  1564598
1644  1564599
1645  1564600
1646  1564601
1647  1564602
1648  1564603
1649  1564604
1650  1564605
1651  1564606
1652  1564607
1653  1564608
1654  1564609
1694  1565787
1695  1565788
1696  1565789
1697  1565790
1698  1565791
1699  1565792
1700  1565793
1701  1565794
1702  1565795
1703  1565796
1704  1565797
1705  1565798
1706  1565799
1707  1565800
1708  1565801
1709  1565802
1710  1565803
1711  1565804
1712  1565805
1754  1566982
1755  1566983
1756  1566984
1757  1566985
1758  1566986
1759  1566987
1760  1566988
1761  1566989
1762  1566990
1763  1566991
1764  1566992
1765  1566993
1766  1566994
1767  1566995
1768  1566996
1769  1566997
1770  1566998
1771  1566999
1772  1567000
1773  1567001
1814  1568178
1815  1568179
1816  1568180
1817  1568181
1818  1568182
1819  1568183
1820  1568184
1821  1568185
1822  1568186
1823  1568187
1824  1568188
1825  1568189
1826  1568190
1827  1568191
1828  1568192
1829  1568193
1830  1568194
1831  1568195
1879  1569375
1880  1569376
1881  1569377
1882  1569378
1883  1569379
1884  1569380
1885  1569381
1886  1569382
1887  1569383
1888  1569384
1889  1569385
1890  1569386
1891  1569387
1892  1569388
1893  1569389
1949  1570571
1950  1570572
1951  1570573
1952  1570574
1953  1570575
1954  1570576
1955  1570577
1956  1570578
1957  1570579
1958  1570580
1959  1570581
1960  1570582
1961  1570583
1962  1570584
2022  1571767
2023  1571768
2024  1571769
2025  1571770
2026  1571771
2027  1571772
2028  1571773
2029  1571774
2030  1571775
2031  1571776
2032  1571777
2033  1571778
2034  1571779
2095  1572961
2096  1572962
2097  1572963
2098  1572964
2099  1572965
2100  1572966
2101  1572967
2102  1572968
2103  1572969
2104  1572970
2105  1572971
2106  1572972
2107  1572973
2108  1572974
2109  1572978
2171  1574155
2172  1574156
2173  1574157
2174  1574158
2175  1574159
2176  1574160
2177  1574161
2178  1574162
2179  1574163
2180  1574164
2181  1574165
2182  1574166
2183  1574167
2184  1574168
2185  1574169
2186  1574170
2187  1574171
2188  1574172
2189  1574173
2248  1575351
2249  1575352
2250  1575353
2251  1575354
2252  1575355
2253  1575356
2254  1575357
2255  1575358
2256  1575359
2257  1575360
2258  1575361
2259  1575362
2260  1575363
2261  1575364
2262  1575365
2263  1575366
2264  1575367
2265  1575368
2320  1576547
2321  1576548
2322  1576549
2323  1576550
2324  1576551
2325  1576552
2326  1576553
2327  1576554
2328  1576555
2329  1576556
2330  1576557
2331  1576558
2332  1576559
2333  1576560
2334  1576561
2335  1576562
2336  1576563
2381  1577744
2382  1577745
2383  1577746
2384  1577747
2385  1577748
2386  1577749
2387  1577750
2388  1577751
2389  1577752
2390  1577753
2391  1577754
2392  1577755
2393  1577756
2394  1577757
2395  1577758
2431  1578941
2432  1578942
2433  1578943
2434  1578944
2435  1578945
2436  1578946
2437  1578947
2438  1578948
2439  1578949
2440  1578950
2441  1578951
2442  1578952
2443  1578953
2444  1578954
2445  1578955
2479  1580138
2480  1580140
2481  1580141
2482  1580142
2483  1580143
2484  1580144
2485  1580145
2486  1580146
2487  1580147
2488  1580148
2489  1580149
2490  1580150
2491  1580151
2523  1581336
2524  1581337
2525  1581338
2526  1581339
2527  1581340
2528  1581341
2529  1581342
2530  1581343
2531  1581344
2532  1581345
2533  1581346
2561  1582531
2562  1582532
2563  1582533
2564  1582534
2565  1582535
2566  1582536
2567  1582537
2568  1582538
2569  1582539
2570  1582540
2597  1583727
2598  1583728
2599  1583729
2600  1583730
2601  1583731
2602  1583732
2603  1583733
2604  1583734
2631  1584922
2632  1584923
2633  1584924
2634  1584925
2635  1584926
2636  1584927
2637  1584928
#  20323  #  43
910  1476196
911  1476197
912  1477391
913  1477392
914  1477393
915  1478585
916  1478586
917  1478587
918  1478588
919  1478589
920  1478590
921  1479779
922  1479780
923  1479781
924  1479782
925  1479783
926  1479784
927  1479785
928  1479786
929  1479787
930  1480975
931  1480976
932  1480977
933  1480978
934  1480979
935  1480980
936  1480981
937  1482170
938  1482171
939  1482172
940  1482173
941  1482174
942  1482175
943  1482176
944  1483367
945  1483368
946  1483369
947  1483370
948  1483371
949  1484564
950  1484565
951  1484566
952  1485760
#  20634  #  178
1033  1509624
1034  1509625
1035  1509626
1036  1509627
1037  1509628
1038  1509629
1039  1509630
1040  1510818
1041  1510819
1042  1510820
1043  1510821
1044  1510822
1045  1510823
1046  1510824
1047  1510825
1048  1512012
1049  1512013
1050  1512014
1051  1512015
1052  1512016
1053  1512017
1054  1512018
1055  1512019
1056  1512020
1057  1513207
1058  1513208
1059  1513209
1060  1513210
1061  1513211
1062  1513212
1063  1513213
1064  1513214
1065  1513215
1066  1514402
1067  1514403
1068  1514404
1069  1514405
1070  1514406
1071  1514407
1072  1514408
1073  1514409
1074  1514410
1075  1515597
1076  1515598
1077  1515599
1078  1515600
1079  1515601
1080  1515602
1081  1515603
1082  1515604
1083  1515605
1084  1516792
1085  1516793
1086  1516794
1087  1516795
1088  1516796
1089  1516797
1090  1516798
1091  1516799
1092  1516800
1093  1517987
1094  1517988
1095  1517989
1096  1517990
1097  1517991
1098  1517992
1099  1517993
1100  1517994
1101  1517995
1102  1519182
1103  1519183
1104  1519184
1105  1519185
1106  1519186
1107  1519187
1108  1519188
1109  1519189
1110  1519190
1111  1520378
1112  1520379
1113  1520380
1114  1520381
1115  1520382
1116  1520383
1117  1520384
1118  1520385
1119  1521573
1120  1521574
1121  1521575
1122  1521576
1123  1521577
1124  1521578
1125  1521579
1126  1521580
1127  1522768
1128  1522769
1129  1522770
1130  1522771
1131  1522772
1132  1522773
1133  1522774
1134  1522775
1135  1523963
1136  1523964
1137  1523965
1138  1523966
1139  1523967
1140  1523968
1141  1523969
1142  1523970
1143  1525158
1144  1525159
1145  1525160
1146  1525161
1147  1525162
1148  1525163
1149  1525164
1150  1526354
1151  1526355
1152  1526356
1153  1526357
1154  1526358
1155  1526359
1156  1527550
1157  1527551
1158  1527552
1159  1527553
1160  1528745
1161  1528746
1162  1528747
1163  1528748
1164  1529940
1165  1529941
1166  1529942
1167  1529943
1168  1531134
1169  1531135
1170  1531136
1171  1531137
1172  1531138
1173  1532329
1174  1532330
1175  1532331
1176  1532332
1177  1532333
1178  1532334
1179  1533524
1180  1533525
1181  1533526
1182  1533527
1183  1533528
1184  1533529
1185  1533530
1186  1533531
1187  1533532
1188  1534719
1189  1534720
1190  1534721
1191  1534722
1192  1534723
1193  1534725
1194  1534726
1195  1534727
1196  1535914
1197  1535915
1198  1535916
1199  1535917
1200  1535918
1201  1535920
1202  1535921
1203  1535922
1204  1537109
1205  1537110
1206  1537111
1207  1537112
1208  1537117
1209  1538307
1210  1538308
#  120171  #  80
953  1497598
954  1497599
955  1498791
956  1498792
957  1498793
958  1498794
959  1498795
960  1499985
961  1499986
962  1499987
963  1499988
964  1499989
965  1499990
966  1499991
967  1499992
968  1501180
969  1501181
970  1501182
971  1501183
972  1501184
973  1501185
974  1501186
975  1501187
976  1501188
977  1501189
978  1501191
979  1501192
980  1502375
981  1502376
982  1502377
983  1502378
984  1502379
985  1502380
986  1502381
987  1502382
988  1502383
989  1502384
990  1502385
991  1502386
992  1502387
993  1503569
994  1503570
995  1503571
996  1503572
997  1503573
998  1503574
999  1503575
1000  1503576
1001  1503577
1002  1503578
1003  1503579
1004  1503580
1005  1503581
1006  1503582
1007  1503583
1008  1504764
1009  1504765
1010  1504766
1011  1504767
1012  1504768
1013  1504769
1014  1504770
1015  1504771
1016  1504772
1017  1504773
1018  1504774
1019  1504775
1020  1504776
1021  1505959
1022  1505960
1023  1505961
1024  1505965
1025  1505966
1026  1505967
1027  1505968
1028  1505969
1029  1505970
1030  1505971
1031  1507160
1032  1507161
#  120178  #  310
1211  1544193
1212  1544194
1213  1545388
1214  1545389
1215  1545390
1222  1546584
1223  1546585
1224  1546586
1232  1547778
1233  1547779
1234  1547780
1235  1547781
1236  1547782
1245  1548972
1246  1548973
1247  1548974
1248  1548975
1249  1548976
1250  1548977
1251  1548978
1261  1550167
1262  1550168
1263  1550169
1264  1550170
1265  1550171
1266  1550172
1267  1550173
1278  1551359
1279  1551360
1280  1551361
1281  1551362
1282  1551363
1283  1551364
1284  1551365
1285  1551366
1286  1551367
1287  1551368
1288  1551369
1289  1551370
1290  1551371
1300  1552554
1301  1552555
1302  1552556
1303  1552557
1304  1552558
1305  1552559
1306  1552560
1307  1552561
1308  1552562
1309  1552563
1310  1552564
1311  1552565
1312  1552569
1321  1553748
1322  1553749
1323  1553750
1324  1553751
1325  1553752
1326  1553753
1327  1553754
1328  1553755
1329  1553756
1330  1553757
1331  1553758
1332  1553759
1333  1553760
1334  1553761
1335  1553762
1336  1553763
1337  1553764
1338  1553765
1348  1554944
1349  1554945
1350  1554946
1351  1554948
1352  1554949
1353  1554950
1354  1554951
1355  1554952
1356  1554953
1357  1554954
1358  1554955
1359  1554956
1360  1554957
1361  1554958
1362  1554959
1363  1554960
1364  1554962
1365  1554963
1375  1556143
1376  1556144
1377  1556145
1378  1556146
1379  1556147
1380  1556148
1381  1556149
1382  1556150
1383  1556151
1384  1556152
1385  1556153
1386  1556154
1387  1556155
1388  1556156
1389  1556157
1390  1556158
1400  1557337
1401  1557338
1402  1557339
1403  1557340
1404  1557341
1405  1557342
1406  1557343
1407  1557344
1408  1557345
1409  1557346
1410  1557347
1411  1557348
1412  1557349
1413  1557350
1414  1557351
1415  1557352
1416  1557353
1429  1558534
1430  1558535
1431  1558536
1432  1558537
1433  1558538
1434  1558539
1435  1558540
1436  1558541
1437  1558542
1438  1558543
1439  1558544
1440  1558545
1441  1558546
1442  1558547
1443  1558548
1459  1559728
1460  1559729
1461  1559730
1462  1559731
1463  1559732
1464  1559733
1465  1559734
1466  1559735
1467  1559736
1468  1559737
1469  1559738
1470  1559739
1471  1559740
1472  1559741
1473  1559742
1474  1559743
1494  1560924
1495  1560925
1496  1560926
1497  1560927
1498  1560928
1499  1560929
1500  1560930
1501  1560931
1502  1560932
1503  1560933
1504  1560934
1505  1560935
1506  1560936
1507  1560937
1530  1562118
1531  1562119
1532  1562120
1533  1562121
1534  1562122
1535  1562123
1536  1562124
1537  1562125
1538  1562126
1539  1562127
1540  1562128
1541  1562129
1542  1562130
1543  1562131
1544  1562132
1573  1563312
1574  1563313
1575  1563314
1576  1563315
1577  1563316
1578  1563317
1579  1563318
1580  1563319
1581  1563320
1582  1563321
1583  1563322
1584  1563323
1585  1563324
1586  1563325
1587  1563326
1623  1564507
1624  1564508
1625  1564509
1626  1564510
1627  1564511
1628  1564512
1629  1564513
1630  1564514
1631  1564515
1632  1564516
1633  1564517
1634  1564518
1635  1564519
1636  1564520
1637  1564521
1681  1565704
1682  1565705
1683  1565706
1684  1565707
1685  1565708
1686  1565709
1687  1565710
1688  1565711
1689  1565712
1690  1565713
1691  1565714
1692  1565715
1693  1565716
1742  1566900
1743  1566901
1744  1566902
1745  1566903
1746  1566904
1747  1566905
1748  1566906
1749  1566907
1750  1566908
1751  1566909
1752  1566910
1753  1566911
1804  1568097
1805  1568098
1806  1568099
1807  1568100
1808  1568101
1809  1568102
1810  1568103
1811  1568104
1812  1568105
1813  1568106
1869  1569292
1870  1569293
1871  1569294
1872  1569295
1873  1569296
1874  1569297
1875  1569298
1876  1569299
1877  1569300
1878  1569301
1937  1570486
1938  1570487
1939  1570488
1940  1570489
1941  1570490
1942  1570491
1943  1570492
1944  1570493
1945  1570494
1946  1570495
1947  1570496
1948  1570497
2011  1571681
2012  1571682
2013  1571683
2014  1571684
2015  1571685
2016  1571686
2017  1571687
2018  1571688
2019  1571689
2020  1571690
2021  1571691
2085  1572876
2086  1572877
2087  1572878
2088  1572879
2089  1572880
2090  1572881
2091  1572882
2092  1572883
2093  1572884
2094  1572885
2161  1574071
2162  1574072
2163  1574073
2164  1574074
2165  1574075
2166  1574076
2167  1574077
2168  1574078
2169  1574079
2170  1574080
2241  1575268
2242  1575269
2243  1575270
2244  1575271
2245  1575272
2246  1575273
2247  1575275
2318  1576464
2319  1576465
2380  1577659
#  120215  #  118
792  1459299
793  1459300
794  1460494
795  1460495
796  1460496
797  1461689
798  1461690
799  1461691
800  1461692
801  1462876
802  1462877
803  1462878
804  1462883
805  1462884
806  1462885
807  1462886
808  1462887
809  1462888
810  1464072
811  1464073
812  1464074
813  1464077
814  1464078
815  1464079
816  1464080
817  1464081
818  1464082
819  1464083
820  1464084
821  1465267
822  1465268
823  1465269
824  1465270
825  1465271
826  1465272
827  1465273
828  1465274
829  1465275
830  1465276
831  1465277
832  1465278
833  1465279
834  1465280
835  1465281
836  1466462
837  1466463
838  1466464
839  1466465
840  1466466
841  1466467
842  1466468
843  1466469
844  1466470
845  1466471
846  1466472
847  1466473
848  1466474
849  1466475
850  1466476
851  1467657
852  1467658
853  1467659
854  1467660
855  1467661
856  1467662
857  1467663
858  1467664
859  1467665
860  1467666
861  1467667
862  1467668
863  1467669
864  1467670
865  1467671
866  1467672
867  1467673
868  1467674
869  1468853
870  1468854
871  1468855
872  1468856
873  1468857
874  1468858
875  1468859
876  1468860
877  1468861
878  1468862
879  1468863
880  1468864
881  1468865
882  1468866
883  1468867
884  1468868
885  1468869
886  1470049
887  1470050
888  1470052
889  1470053
890  1470054
891  1470055
892  1470056
893  1470057
894  1470058
895  1470059
896  1470060
897  1470061
898  1470062
899  1470063
900  1471249
901  1471250
902  1471252
903  1471253
904  1471254
905  1471255
906  1471256
907  1471257
908  1472448
909  1472449
#  160140  #  821
1457  1559621
1458  1559622
1489  1560803
1490  1560815
1491  1560816
1492  1560817
1493  1560818
1523  1561998
1524  1562000
1525  1562009
1526  1562010
1527  1562011
1528  1562012
1529  1562013
1561  1563192
1562  1563193
1563  1563194
1564  1563195
1565  1563196
1566  1563197
1567  1563198
1568  1563203
1569  1563204
1570  1563205
1571  1563206
1572  1563207
1604  1564388
1605  1564389
1606  1564390
1607  1564391
1608  1564392
1609  1564393
1610  1564394
1611  1564395
1612  1564396
1613  1564397
1614  1564398
1615  1564399
1616  1564400
1617  1564401
1618  1564402
1619  1564403
1620  1564404
1621  1564405
1622  1564410
1655  1565582
1656  1565583
1657  1565584
1658  1565585
1659  1565586
1660  1565587
1661  1565588
1662  1565589
1663  1565590
1664  1565591
1665  1565592
1666  1565593
1667  1565594
1668  1565595
1669  1565596
1670  1565597
1671  1565598
1672  1565599
1673  1565600
1674  1565601
1675  1565602
1676  1565603
1677  1565604
1678  1565605
1679  1565619
1680  1565620
1713  1566777
1714  1566778
1715  1566779
1716  1566780
1717  1566781
1718  1566782
1719  1566783
1720  1566784
1721  1566785
1722  1566786
1723  1566787
1724  1566788
1725  1566789
1726  1566790
1727  1566791
1728  1566792
1729  1566793
1730  1566794
1731  1566795
1732  1566796
1733  1566797
1734  1566798
1735  1566799
1736  1566800
1737  1566812
1738  1566813
1739  1566814
1740  1566815
1741  1566816
1774  1567972
1775  1567973
1776  1567974
1777  1567975
1778  1567976
1779  1567977
1780  1567978
1781  1567979
1782  1567980
1783  1567981
1784  1567982
1785  1567983
1786  1567984
1787  1567985
1788  1567986
1789  1567987
1790  1567988
1791  1567989
1792  1567990
1793  1567991
1794  1567992
1795  1567993
1796  1567994
1797  1567995
1798  1568004
1799  1568008
1800  1568009
1801  1568010
1802  1568011
1803  1568012
1832  1569167
1833  1569168
1834  1569169
1835  1569170
1836  1569171
1837  1569172
1838  1569173
1839  1569174
1840  1569175
1841  1569176
1842  1569177
1843  1569178
1844  1569179
1845  1569180
1846  1569181
1847  1569182
1848  1569183
1849  1569184
1850  1569185
1851  1569186
1852  1569187
1853  1569188
1854  1569189
1855  1569190
1856  1569194
1857  1569195
1858  1569197
1859  1569198
1860  1569199
1861  1569200
1862  1569202
1863  1569203
1864  1569204
1865  1569205
1866  1569206
1867  1569207
1868  1569210
1894  1570363
1895  1570364
1896  1570365
1897  1570366
1898  1570367
1899  1570368
1900  1570369
1901  1570370
1902  1570371
1903  1570372
1904  1570373
1905  1570374
1906  1570375
1907  1570376
1908  1570377
1909  1570378
1910  1570379
1911  1570380
1912  1570381
1913  1570382
1914  1570383
1915  1570384
1916  1570385
1917  1570386
1918  1570387
1919  1570388
1920  1570389
1921  1570391
1922  1570392
1923  1570393
1924  1570394
1925  1570395
1926  1570396
1927  1570397
1928  1570398
1929  1570399
1930  1570400
1931  1570401
1932  1570402
1933  1570403
1934  1570404
1935  1570405
1936  1570406
1963  1571557
1964  1571558
1965  1571559
1966  1571560
1967  1571561
1968  1571562
1969  1571563
1970  1571564
1971  1571565
1972  1571566
1973  1571567
1974  1571568
1975  1571569
1976  1571570
1977  1571571
1978  1571572
1979  1571573
1980  1571574
1981  1571575
1982  1571576
1983  1571577
1984  1571578
1985  1571579
1986  1571580
1987  1571581
1988  1571582
1989  1571583
1990  1571584
1991  1571585
1992  1571586
1993  1571587
1994  1571588
1995  1571589
1996  1571590
1997  1571591
1998  1571592
1999  1571593
2000  1571594
2001  1571595
2002  1571596
2003  1571597
2004  1571598
2005  1571599
2006  1571600
2007  1571601
2008  1571602
2009  1571603
2010  1571604
2035  1572751
2036  1572752
2037  1572753
2038  1572754
2039  1572755
2040  1572756
2041  1572757
2042  1572758
2043  1572759
2044  1572760
2045  1572761
2046  1572762
2047  1572763
2048  1572764
2049  1572765
2050  1572766
2051  1572767
2052  1572768
2053  1572769
2054  1572770
2055  1572771
2056  1572772
2057  1572773
2058  1572774
2059  1572775
2060  1572776
2061  1572777
2062  1572778
2063  1572779
2064  1572780
2065  1572781
2066  1572782
2067  1572783
2068  1572784
2069  1572785
2070  1572786
2071  1572787
2072  1572788
2073  1572789
2074  1572790
2075  1572791
2076  1572792
2077  1572793
2078  1572794
2079  1572795
2080  1572796
2081  1572797
2082  1572798
2083  1572799
2084  1572800
2110  1573945
2111  1573946
2112  1573947
2113  1573948
2114  1573949
2115  1573950
2116  1573951
2117  1573952
2118  1573953
2119  1573954
2120  1573955
2121  1573956
2122  1573957
2123  1573958
2124  1573959
2125  1573960
2126  1573961
2127  1573962
2128  1573963
2129  1573964
2130  1573965
2131  1573966
2132  1573967
2133  1573968
2134  1573969
2135  1573970
2136  1573971
2137  1573972
2138  1573973
2139  1573974
2140  1573975
2141  1573976
2142  1573977
2143  1573978
2144  1573979
2145  1573980
2146  1573981
2147  1573982
2148  1573983
2149  1573984
2150  1573985
2151  1573986
2152  1573987
2153  1573988
2154  1573989
2155  1573990
2156  1573991
2157  1573992
2158  1573993
2159  1573994
2160  1573995
2190  1575141
2191  1575142
2192  1575143
2193  1575144
2194  1575145
2195  1575146
2196  1575147
2197  1575148
2198  1575149
2199  1575150
2200  1575151
2201  1575152
2202  1575153
2203  1575154
2204  1575155
2205  1575156
2206  1575157
2207  1575158
2208  1575159
2209  1575160
2210  1575161
2211  1575162
2212  1575163
2213  1575164
2214  1575165
2215  1575166
2216  1575167
2217  1575168
2218  1575169
2219  1575170
2220  1575171
2221  1575172
2222  1575173
2223  1575174
2224  1575175
2225  1575176
2226  1575177
2227  1575178
2228  1575179
2229  1575180
2230  1575181
2231  1575182
2232  1575183
2233  1575184
2234  1575185
2235  1575186
2236  1575187
2237  1575188
2238  1575189
2239  1575190
2240  1575191
2266  1576336
2267  1576337
2268  1576338
2269  1576339
2270  1576340
2271  1576341
2272  1576342
2273  1576343
2274  1576344
2275  1576345
2276  1576346
2277  1576347
2278  1576348
2279  1576349
2280  1576350
2281  1576351
2282  1576352
2283  1576353
2284  1576354
2285  1576355
2286  1576356
2287  1576357
2288  1576358
2289  1576359
2290  1576360
2291  1576361
2292  1576362
2293  1576363
2294  1576364
2295  1576365
2296  1576366
2297  1576367
2298  1576368
2299  1576369
2300  1576370
2301  1576371
2302  1576372
2303  1576373
2304  1576374
2305  1576375
2306  1576376
2307  1576377
2308  1576378
2309  1576379
2310  1576380
2311  1576381
2312  1576382
2313  1576383
2314  1576384
2315  1576385
2316  1576386
2317  1576387
2337  1577534
2338  1577535
2339  1577536
2340  1577537
2341  1577538
2342  1577539
2343  1577540
2344  1577541
2345  1577542
2346  1577543
2347  1577544
2348  1577545
2349  1577546
2350  1577547
2351  1577548
2352  1577549
2353  1577550
2354  1577551
2355  1577552
2356  1577553
2357  1577554
2358  1577555
2359  1577556
2360  1577557
2361  1577558
2362  1577559
2363  1577560
2364  1577561
2365  1577562
2366  1577563
2367  1577564
2368  1577565
2369  1577566
2370  1577567
2371  1577568
2372  1577569
2373  1577570
2374  1577571
2375  1577572
2376  1577573
2377  1577574
2378  1577575
2379  1577576
2396  1578733
2397  1578735
2398  1578736
2399  1578737
2400  1578738
2401  1578739
2402  1578740
2403  1578741
2404  1578742
2405  1578743
2406  1578744
2407  1578745
2408  1578746
2409  1578747
2410  1578748
2411  1578749
2412  1578750
2413  1578751
2414  1578752
2415  1578753
2416  1578754
2417  1578755
2418  1578756
2419  1578757
2420  1578758
2421  1578759
2422  1578760
2423  1578761
2424  1578762
2425  1578763
2426  1578764
2427  1578765
2428  1578766
2429  1578767
2430  1578768
2446  1579932
2447  1579933
2448  1579934
2449  1579935
2450  1579936
2451  1579937
2452  1579938
2453  1579939
2454  1579940
2455  1579941
2456  1579942
2457  1579943
2458  1579944
2459  1579945
2460  1579946
2461  1579947
2462  1579948
2463  1579949
2464  1579950
2465  1579951
2466  1579952
2467  1579953
2468  1579954
2469  1579955
2470  1579956
2471  1579957
2472  1579958
2473  1579959
2474  1579960
2475  1579961
2476  1579962
2477  1579963
2478  1579964
2492  1581129
2493  1581130
2494  1581131
2495  1581133
2496  1581134
2497  1581135
2498  1581136
2499  1581137
2500  1581138
2501  1581139
2502  1581140
2503  1581141
2504  1581142
2505  1581143
2506  1581144
2507  1581145
2508  1581146
2509  1581147
2510  1581148
2511  1581149
2512  1581150
2513  1581151
2514  1581152
2515  1581153
2516  1581154
2517  1581155
2518  1581156
2519  1581157
2520  1581158
2521  1581159
2522  1581160
2534  1582331
2535  1582332
2536  1582333
2537  1582334
2538  1582335
2539  1582336
2540  1582337
2541  1582338
2542  1582339
2543  1582340
2544  1582341
2545  1582342
2546  1582343
2547  1582344
2548  1582345
2549  1582346
2550  1582347
2551  1582348
2552  1582349
2553  1582350
2554  1582351
2555  1582352
2556  1582353
2557  1582354
2558  1582355
2559  1582356
2560  1582357
2571  1583526
2572  1583527
2573  1583528
2574  1583529
2575  1583530
2576  1583531
2577  1583532
2578  1583533
2579  1583534
2580  1583535
2581  1583536
2582  1583537
2583  1583538
2584  1583539
2585  1583540
2586  1583541
2587  1583542
2588  1583543
2589  1583544
2590  1583545
2591  1583546
2592  1583547
2593  1583548
2594  1583549
2595  1583550
2596  1583551
2605  1584721
2606  1584722
2607  1584723
2608  1584724
2609  1584725
2610  1584726
2611  1584727
2612  1584728
2613  1584729
2614  1584730
2615  1584731
2616  1584732
2617  1584733
2618  1584734
2619  1584735
2620  1584736
2621  1584737
2622  1584738
2623  1584739
2624  1584740
2625  1584741
2626  1584742
2627  1584743
2628  1584744
2629  1584745
2630  1584746
2638  1585917
2639  1585918
2640  1585919
2641  1585920
2642  1585921
2643  1585922
2644  1585923
2645  1585924
2646  1585925
2647  1585926
2648  1585927
2649  1585928
2650  1585929
2651  1585930
2652  1585931
2653  1585932
2654  1585933
2655  1585934
2656  1585935
2657  1585936
2658  1585937
2659  1585938
2660  1585939
2661  1585940
2662  1587116
2663  1587117
2664  1587118
2665  1587119
2666  1587120
2667  1587121
2668  1587122
2669  1587123
2670  1587124
2671  1587125
2672  1587126
2673  1587127
2674  1587128
2675  1587129
2676  1587130
2677  1587131
2678  1587132
2679  1587133
2680  1587134
2681  1587136
2682  1588313
2683  1588314
2684  1588315
2685  1588316
2686  1588317
2687  1588318
2688  1588319
2689  1588320
2690  1588321
2691  1588322
2692  1588323
2693  1588324
2694  1588325
2695  1588326
2696  1589508
2697  1589509
2698  1589510
2699  1589511
2700  1589512
2701  1589513
2702  1589514
2703  1589515
2704  1589516
2705  1589517
2706  1589518
2707  1589519
2708  1589520
2709  1589521
2710  1590702
2711  1590703
2712  1590704
2713  1590705
2714  1590706
2715  1590707
2716  1590708
2717  1590709
2718  1590710
2719  1590711
2720  1590712
2721  1590713
2722  1590714
2723  1590715
2724  1590716
2725  1591903
2726  1591904
2727  1591905
2728  1591906
2729  1591907
2730  1591908
2731  1591909
2732  1591910
2733  1591911
2734  1591912
2735  1593099
2736  1593100
2737  1593101
2738  1593102
2739  1593103
2740  1593104
2741  1593105
2742  1593106
2743  1594295
2744  1594296
2745  1594297
2746  1594298
2747  1594299
2748  1594300
2749  1594301
2750  1594302
2751  1595490
2752  1595491
2753  1595492
2754  1595493
2755  1595494
2756  1595495
2757  1596686
2758  1596687
2759  1596688
2760  1596689
2761  1596690
2762  1596691
2763  1597882
2764  1597883
2765  1597884
2766  1597885
2767  1597886
2768  1599077
2769  1599078
2770  1599079
2771  1599080
2772  1599081
2773  1600272
2774  1600273
2775  1601467

