"FID_";"TABID";"POINT_X";"POINT_Y";"demH"
;1348181;8.2837;61.8117;1905
;1348182;8.3026;61.8127;1894
;1348183;8.3214;61.8136;1928
;1348184;8.3403;61.8145;1832
;1349375;8.2668;61.8019;1909
;1349376;8.2857;61.8028;1760
;1349377;8.3045;61.8037;1600
;1349378;8.3233;61.8047;1702
;1349379;8.3422;61.8056;1619
;1350569;8.25;61.7921;1790
;1350570;8.2688;61.793;1724
;1350571;8.2876;61.7939;1698
;1350572;8.3064;61.7948;1608
;1350573;8.3253;61.7958;1455
;1350574;8.3441;61.7967;1459
;1350575;8.363;61.7976;1431
;1350578;8.4195;61.8003;1261
;1350579;8.4383;61.8012;668
;1351763;8.2331;61.7822;1847
;1351764;8.2519;61.7831;1650
;1351765;8.2707;61.7841;1520
;1351766;8.2896;61.785;1524
;1351767;8.3084;61.7859;1421
;1351768;8.3272;61.7868;1359
;1351769;8.3461;61.7878;1379
;1351770;8.3649;61.7887;1335
;1351771;8.3837;61.7896;1410
;1351772;8.4026;61.7905;1386
;1351773;8.4214;61.7914;1124
;1351774;8.4402;61.7923;516
;1351775;8.4591;61.7932;852
;1351776;8.4779;61.7941;1271
;1351777;8.4968;61.795;1397
;1352956;8.1974;61.7714;1880
;1352957;8.2162;61.7724;1796
;1352958;8.2351;61.7733;1577
;1352959;8.2539;61.7742;1593
;1352960;8.2727;61.7752;1507
;1352961;8.2915;61.7761;1372
;1352962;8.3104;61.777;1325
;1352963;8.3292;61.7779;1280
;1352964;8.348;61.7788;1251
;1352965;8.3668;61.7798;1212
;1352966;8.3857;61.7807;1288
;1352967;8.4045;61.7816;1230
;1352968;8.4233;61.7825;684
;1352969;8.4422;61.7834;509
;1352970;8.461;61.7843;957
;1352971;8.4798;61.7852;1117
;1352972;8.4987;61.7861;1186
;1352973;8.5175;61.787;1218
;1352974;8.5363;61.7879;1242
;1354150;8.1806;61.7616;1762
;1354151;8.1994;61.7625;1572
;1354152;8.2182;61.7634;1565
;1354153;8.237;61.7644;1528
;1354154;8.2558;61.7653;1455
;1354155;8.2746;61.7662;1344
;1354156;8.2935;61.7672;1385
;1354157;8.3123;61.7681;1461
;1354158;8.3311;61.769;1356
;1354159;8.3499;61.7699;1260
;1354160;8.3687;61.7708;1015
;1354161;8.3876;61.7717;1002
;1354162;8.4064;61.7727;853
;1354163;8.4252;61.7736;487
;1354164;8.4441;61.7745;885
;1354165;8.4629;61.7754;1032
;1354166;8.4817;61.7763;1070
;1354167;8.5006;61.7772;1154
;1354168;8.5194;61.7781;1248
;1354169;8.5382;61.779;1316
;1355344;8.1638;61.7517;1915
;1355345;8.1826;61.7527;1795
;1355346;8.2014;61.7536;1662
;1355347;8.2202;61.7545;1474
;1355348;8.239;61.7555;1410
;1355349;8.2578;61.7564;1398
;1355350;8.2766;61.7573;1427
;1355351;8.2954;61.7582;1720
;1355352;8.3142;61.7592;1647
;1355353;8.333;61.7601;1528
;1355354;8.3519;61.761;1324
;1355355;8.3707;61.7619;1230
;1355356;8.3895;61.7628;809
;1355357;8.4083;61.7637;492
;1355358;8.4271;61.7646;676
;1355359;8.446;61.7656;954
;1355360;8.4648;61.7665;1030
;1355361;8.4836;61.7674;1148
;1355362;8.5024;61.7682;1174
;1355363;8.5213;61.7691;1238
;1355364;8.5401;61.77;1426
;1356532;8.0342;61.7362;1917
;1356533;8.053;61.7371;1929
;1356534;8.0718;61.7381;2120
;1356535;8.0906;61.739;2073
;1356536;8.1094;61.74;2109
;1356537;8.1282;61.7409;2032
;1356538;8.1469;61.7419;1762
;1356539;8.1657;61.7428;1760
;1356540;8.1846;61.7437;1660
;1356541;8.2034;61.7447;1527
;1356542;8.2221;61.7456;1432
;1356543;8.2409;61.7466;1325
;1356544;8.2598;61.7475;1304
;1356545;8.2786;61.7484;1376
;1356546;8.2974;61.7493;1438
;1356547;8.3162;61.7503;1401
;1356548;8.335;61.7512;1321
;1356549;8.3538;61.7521;1248
;1356550;8.3726;61.753;823
;1356551;8.3914;61.7539;499
;1356552;8.4102;61.7548;649
;1356553;8.4291;61.7557;1014
;1356554;8.4479;61.7566;1110
;1356555;8.4667;61.7575;1183
;1356556;8.4855;61.7584;1253
;1356557;8.5043;61.7593;1375
;1356558;8.5232;61.7602;1431
;1356559;8.542;61.7611;1523
;1356560;8.5608;61.762;1777
;1357725;7.9987;61.7253;1833
;1357726;8.0174;61.7263;1823
;1357727;8.0362;61.7272;1795
;1357728;8.055;61.7282;1696
;1357729;8.0738;61.7292;1693
;1357730;8.0926;61.7301;1748
;1357731;8.1114;61.7311;1673
;1357732;8.1301;61.732;1641
;1357733;8.1489;61.733;1556
;1357734;8.1677;61.7339;1527
;1357735;8.1865;61.7348;1456
;1357736;8.2053;61.7358;1358
;1357737;8.2241;61.7367;1277
;1357738;8.2429;61.7376;1187
;1357739;8.2617;61.7386;1183
;1357740;8.2805;61.7395;1286
;1357741;8.2993;61.7404;1276
;1357742;8.3181;61.7413;1272
;1357743;8.3369;61.7423;1204
;1357744;8.3557;61.7432;1172
;1357745;8.3745;61.7441;567
;1357746;8.3933;61.745;572
;1357747;8.4122;61.7459;575
;1357748;8.431;61.7468;1052
;1357749;8.4498;61.7477;1187
;1357750;8.4686;61.7486;1281
;1357751;8.4874;61.7495;1550
;1357752;8.5062;61.7504;1691
;1357753;8.525;61.7513;1597
;1358920;8.0007;61.7164;1818
;1358921;8.0195;61.7174;1689
;1358922;8.0382;61.7183;1602
;1358923;8.057;61.7193;1583
;1358924;8.0758;61.7202;1550
;1358925;8.0946;61.7212;1644
;1358926;8.1134;61.7221;1663
;1358927;8.1321;61.7231;1659
;1358928;8.1509;61.724;1504
;1358929;8.1697;61.725;1357
;1358930;8.1885;61.7259;1300
;1358931;8.2073;61.7269;1186
;1358932;8.2261;61.7278;1145
;1358933;8.2449;61.7287;1036
;1358934;8.2637;61.7297;1107
;1358935;8.2825;61.7306;913
;1358936;8.3013;61.7315;1117
;1358937;8.3201;61.7324;1184
;1358938;8.3389;61.7333;1092
;1358939;8.3577;61.7343;849
;1358940;8.3765;61.7352;533
;1358941;8.3953;61.7361;1018
;1358942;8.4141;61.737;716
;1358943;8.4329;61.7379;986
;1358944;8.4517;61.7388;1110
;1358945;8.4705;61.7397;1424
;1358946;8.4893;61.7406;1682
;1358947;8.5081;61.7415;1895
;1360114;7.9839;61.7065;1765
;1360115;8.0027;61.7075;1563
;1360116;8.0215;61.7085;1526
;1360117;8.0402;61.7094;1516
;1360118;8.059;61.7104;1543
;1360119;8.0778;61.7113;1615
;1360120;8.0966;61.7123;1552
;1360121;8.1154;61.7132;1481
;1360122;8.1341;61.7142;1496
;1360123;8.1529;61.7151;1436
;1360124;8.1717;61.7161;1296
;1360125;8.1905;61.717;1006
;1360126;8.2093;61.7179;829
;1360127;8.2281;61.7189;858
;1360128;8.2468;61.7198;765
;1360129;8.2656;61.7207;692
;1360130;8.2844;61.7217;782
;1360131;8.3032;61.7226;769
;1360132;8.322;61.7235;767
;1360133;8.3408;61.7244;677
;1360134;8.3596;61.7253;585
;1360135;8.3784;61.7263;726
;1360136;8.3972;61.7272;1085
;1360137;8.416;61.7281;797
;1360138;8.4348;61.729;903
;1360139;8.4536;61.7299;1200
;1360140;8.4724;61.7308;1685
;1360141;8.4912;61.7317;1701
;1360142;8.51;61.7326;1768
;1360143;8.5288;61.7335;1779
;1361309;7.986;61.6976;1563
;1361310;8.0047;61.6986;1668
;1361311;8.0235;61.6996;1470
;1361312;8.0423;61.7005;1426
;1361313;8.061;61.7015;1498
;1361314;8.0798;61.7024;1455
;1361315;8.0986;61.7034;1493
;1361316;8.1173;61.7043;1402
;1361317;8.1361;61.7053;1337
;1361318;8.1549;61.7062;1187
;1361319;8.1737;61.7072;1062
;1361320;8.1924;61.7081;883
;1361321;8.2112;61.709;975
;1361322;8.23;61.71;854
;1361323;8.2488;61.7109;1038
;1361324;8.2676;61.7118;1099
;1361325;8.2864;61.7127;1039
;1361326;8.3052;61.7137;656
;1361327;8.3239;61.7146;604
;1361328;8.3427;61.7155;676
;1361329;8.3615;61.7164;717
;1361330;8.3803;61.7173;928
;1361331;8.3991;61.7182;1003
;1361332;8.4179;61.7192;888
;1361333;8.4367;61.7201;819
;1361334;8.4555;61.721;1134
;1361335;8.4743;61.7219;1297
;1361336;8.4931;61.7228;1249
;1361337;8.5119;61.7237;1288
;1361338;8.5307;61.7245;1320
;1361339;8.5495;61.7254;1420
;1362501;7.9317;61.6858;1671
;1362504;7.988;61.6887;1494
;1362505;8.0068;61.6897;1474
;1362506;8.0255;61.6906;1495
;1362507;8.0443;61.6916;1458
;1362508;8.0631;61.6926;1484
;1362509;8.0818;61.6935;1545
;1362510;8.1006;61.6945;1387
;1362511;8.1194;61.6954;1338
;1362512;8.1381;61.6964;1132
;1362513;8.1569;61.6973;1117
;1362514;8.1756;61.6982;969
;1362515;8.1944;61.6992;931
;1362516;8.2132;61.7001;1114
;1362517;8.232;61.701;954
;1362518;8.2507;61.702;1042
;1362519;8.2695;61.7029;961
;1362520;8.2883;61.7038;653
;1362521;8.3071;61.7048;911
;1362522;8.3259;61.7057;747
;1362523;8.3447;61.7066;894
;1362524;8.3634;61.7075;1075
;1362525;8.3822;61.7084;1168
;1362526;8.401;61.7093;1238
;1362527;8.4198;61.7102;1034
;1362528;8.4386;61.7111;743
;1362529;8.4574;61.712;976
;1362530;8.4762;61.7129;1190
;1362531;8.495;61.7138;1366
;1362532;8.5138;61.7147;1371
;1362533;8.5325;61.7156;1415
;1362534;8.5513;61.7165;1439
;1363695;7.915;61.6759;1588
;1363696;7.9338;61.6769;1521
;1363697;7.9525;61.6779;1419
;1363698;7.9713;61.6788;1394
;1363699;7.99;61.6798;1444
;1363700;8.0088;61.6808;1427
;1363701;8.0275;61.6817;1413
;1363702;8.0463;61.6827;1507
;1363703;8.0651;61.6836;1361
;1363704;8.0838;61.6846;1308
;1363705;8.1026;61.6856;1326
;1363706;8.1213;61.6865;1258
;1363707;8.1401;61.6874;1061
;1363708;8.1589;61.6884;762
;1363709;8.1776;61.6893;774
;1363710;8.1964;61.6903;1214
;1363711;8.2152;61.6912;1102
;1363712;8.2339;61.6921;1084
;1363713;8.2527;61.6931;996
;1363714;8.2715;61.694;707
;1363715;8.2902;61.6949;855
;1363716;8.309;61.6958;876
;1363717;8.3278;61.6968;1066
;1363718;8.3466;61.6977;1234
;1363719;8.3654;61.6986;1373
;1363720;8.3841;61.6995;1542
;1363721;8.4029;61.7004;1397
;1363722;8.4217;61.7013;1271
;1363723;8.4405;61.7022;837
;1363724;8.4593;61.7031;991
;1363725;8.4781;61.704;1399
;1363726;8.4968;61.7049;1481
;1363727;8.5156;61.7058;1582
;1363728;8.5344;61.7067;1779
;1363729;8.5532;61.7076;1929
;1364889;7.8983;61.6661;1439
;1364890;7.9171;61.667;1389
;1364891;7.9358;61.668;1386
;1364892;7.9546;61.669;1292
;1364893;7.9733;61.6699;1189
;1364894;7.9921;61.6709;1192
;1364895;8.0108;61.6719;1359
;1364896;8.0296;61.6728;1423
;1364897;8.0483;61.6738;1338
;1364898;8.0671;61.6747;1336
;1364899;8.0858;61.6757;1294
;1364900;8.1046;61.6766;1240
;1364901;8.1233;61.6776;1101
;1364902;8.1421;61.6785;815
;1364903;8.1608;61.6795;1143
;1364904;8.1796;61.6804;1127
;1364905;8.1984;61.6814;1039
;1364906;8.2171;61.6823;894
;1364907;8.2359;61.6832;724
;1364908;8.2547;61.6841;785
;1364909;8.2734;61.6851;877
;1364910;8.2922;61.686;986
;1364911;8.311;61.6869;1168
;1364912;8.3297;61.6878;1373
;1364913;8.3485;61.6888;1574
;1364914;8.3673;61.6897;1610
;1364915;8.3861;61.6906;1661
;1364916;8.4048;61.6915;1527
;1364917;8.4236;61.6924;1414
;1364918;8.4424;61.6933;919
;1364919;8.4612;61.6942;1062
;1364920;8.4799;61.6951;1443
;1364921;8.4987;61.696;1554
;1364922;8.5175;61.6969;1574
;1364923;8.5363;61.6978;1787
;1364924;8.5551;61.6987;1849
;1364925;8.5739;61.6996;2119
;1366084;7.9004;61.6571;1437
;1366085;7.9191;61.6581;1400
;1366086;7.9379;61.6591;1397
;1366087;7.9566;61.6601;1381
;1366088;7.9753;61.661;1120
;1366089;7.9941;61.662;1189
;1366090;8.0128;61.663;1015
;1366091;8.0316;61.6639;940
;1366092;8.0503;61.6649;1051
;1366093;8.0691;61.6658;1318
;1366094;8.0878;61.6668;1359
;1366095;8.1066;61.6677;1021
;1366096;8.1253;61.6687;905
;1366097;8.1441;61.6696;835
;1366098;8.1628;61.6706;1065
;1366099;8.1816;61.6715;1091
;1366100;8.2003;61.6724;857
;1366101;8.2191;61.6734;855
;1366102;8.2379;61.6743;1009
;1366103;8.2566;61.6752;1208
;1366104;8.2754;61.6762;1378
;1366105;8.2941;61.6771;1227
;1366106;8.3129;61.678;1698
;1366107;8.3317;61.6789;1941
;1366108;8.3504;61.6798;1850
;1366109;8.3692;61.6808;1844
;1366110;8.388;61.6817;1686
;1366111;8.4067;61.6826;1564
;1366112;8.4255;61.6835;1261
;1366113;8.4443;61.6844;857
;1366114;8.4631;61.6853;1284
;1366115;8.4818;61.6862;1673
;1366116;8.5006;61.6871;1857
;1366117;8.5194;61.688;1620
;1366118;8.5382;61.6889;1822
;1367279;7.9025;61.6482;1514
;1367280;7.9212;61.6492;1371
;1367281;7.9399;61.6502;1214
;1367282;7.9587;61.6512;1299
;1367283;7.9774;61.6521;1157
;1367284;7.9961;61.6531;1019
;1367285;8.0149;61.654;1017
;1367286;8.0336;61.655;1101
;1367287;8.0523;61.656;1037
;1367288;8.0711;61.6569;910
;1367289;8.0898;61.6579;905
;1367290;8.1086;61.6588;1023
;1367291;8.1273;61.6598;1056
;1367292;8.1461;61.6607;1000
;1367293;8.1648;61.6616;1043
;1367294;8.1836;61.6626;895
;1367295;8.2023;61.6635;1050
;1367296;8.2211;61.6645;1197
;1367297;8.2398;61.6654;1414
;1367298;8.2586;61.6663;1825
;1367299;8.2773;61.6672;1836
;1367300;8.2961;61.6682;1419
;1367301;8.3148;61.6691;1823
;1367302;8.3336;61.67;2165
;1367303;8.3524;61.6709;1838
;1367304;8.3711;61.6718;1844
;1367305;8.3899;61.6727;1675
;1367306;8.4087;61.6737;1436
;1367307;8.4274;61.6746;1140
;1367308;8.4462;61.6755;1015
;1367309;8.4649;61.6764;1375
;1367310;8.4837;61.6773;1593
;1367311;8.5025;61.6782;1784
;1367312;8.5213;61.6791;1900
;1367313;8.54;61.6799;1769
;1367314;8.5588;61.6808;2017
;1368473;7.8858;61.6383;1544
;1368474;7.9045;61.6393;1460
;1368475;7.9232;61.6403;1460
;1368476;7.942;61.6413;1568
;1368477;7.9607;61.6422;1408
;1368478;7.9794;61.6432;1364
;1368479;7.9981;61.6442;1267
;1368480;8.0169;61.6451;1287
;1368481;8.0356;61.6461;1286
;1368482;8.0543;61.6471;1353
;1368483;8.0731;61.648;1209
;1368484;8.0918;61.649;1120
;1368485;8.1106;61.6499;926
;1368486;8.1293;61.6509;1047
;1368487;8.148;61.6518;1176
;1368488;8.1668;61.6527;973
;1368489;8.1855;61.6537;952
;1368490;8.2043;61.6546;1341
;1368491;8.223;61.6555;1515
;1368492;8.2418;61.6565;1838
;1368493;8.2605;61.6574;2048
;1368494;8.2793;61.6583;2091
;1368495;8.298;61.6593;1609
;1368496;8.3168;61.6602;2020
;1368497;8.3355;61.6611;2201
;1368498;8.3543;61.662;1947
;1368499;8.373;61.6629;1875
;1368500;8.3918;61.6638;1672
;1368501;8.4106;61.6647;1423
;1368502;8.4293;61.6656;989
;1368503;8.4481;61.6665;1146
;1368504;8.4669;61.6674;1504
;1368505;8.4856;61.6683;1767
;1368506;8.5044;61.6692;1931
;1368507;8.5231;61.6701;1910
;1368508;8.5419;61.671;2004
;1369668;7.8878;61.6294;1678
;1369674;8.0002;61.6353;1348
;1369675;8.0189;61.6362;1322
;1369676;8.0376;61.6372;1268
;1369677;8.0563;61.6381;947
;1369678;8.0751;61.6391;1086
;1369679;8.0938;61.64;1010
;1369680;8.1125;61.641;1175
;1369681;8.1313;61.6419;1457
;1369682;8.15;61.6429;1577
;1369683;8.1688;61.6438;946
;1369684;8.1875;61.6448;1222
;1369685;8.2062;61.6457;1741
;1369686;8.225;61.6466;1968
;1369687;8.2437;61.6476;1763
;1369688;8.2625;61.6485;2089
;1369689;8.2812;61.6494;1979
;1369690;8.3;61.6503;1787
;1369691;8.3187;61.6513;2263
;1369692;8.3375;61.6522;2047
;1369693;8.3562;61.6531;1975
;1369694;8.375;61.654;1885
;1369695;8.3937;61.6549;1639
;1369696;8.4125;61.6558;1271
;1369697;8.4312;61.6567;1051
;1369698;8.45;61.6576;1265
;1369699;8.4687;61.6585;1527
;1369700;8.4875;61.6594;1738
;1369701;8.5063;61.6603;1768
;1369702;8.525;61.6612;1887
;1369703;8.5438;61.6621;2091
;1370869;8.0022;61.6264;1291
;1370870;8.0209;61.6273;1145
;1370871;8.0396;61.6283;1110
;1370872;8.0584;61.6292;1301
;1370873;8.0771;61.6302;1432
;1370874;8.0958;61.6311;1375
;1370875;8.1145;61.6321;1630
;1370876;8.1333;61.633;1899
;1370877;8.152;61.634;1641
;1370878;8.1707;61.6349;1027
;1370879;8.1895;61.6358;1216
;1370880;8.2082;61.6368;1856
;1370881;8.2269;61.6377;2026
;1370882;8.2457;61.6386;2161
;1370883;8.2644;61.6396;2042
;1370884;8.2832;61.6405;2004
;1370885;8.3019;61.6414;2224
;1370886;8.3206;61.6423;2175
;1370887;8.3394;61.6433;2010
;1370888;8.3581;61.6442;1863
;1370889;8.3769;61.6451;1693
;1370890;8.3956;61.646;1503
;1370891;8.4144;61.6469;1074
;1370892;8.4331;61.6478;1254
;1370893;8.4519;61.6487;1386
;1370894;8.4706;61.6496;1525
;1370895;8.4894;61.6505;1863
;1370896;8.5081;61.6514;1983
;1370897;8.5269;61.6523;2161
;1370898;8.5456;61.6532;2273
;1372063;7.9855;61.6165;1308
;1372064;8.0042;61.6174;1309
;1372065;8.0229;61.6184;1571
;1372066;8.0416;61.6194;1012
;1372067;8.0604;61.6203;1494
;1372068;8.0791;61.6213;1387
;1372069;8.0978;61.6222;1561
;1372070;8.1165;61.6232;2090
;1372071;8.1353;61.6241;1942
;1372072;8.154;61.6251;1595
;1372073;8.1727;61.626;1000
;1372074;8.1914;61.6269;1240
;1372075;8.2102;61.6279;1844
;1372076;8.2289;61.6288;1808
;1372077;8.2476;61.6297;1783
;1372078;8.2664;61.6307;2213
;1372079;8.2851;61.6316;2092
;1372080;8.3038;61.6325;2117
;1372081;8.3226;61.6334;2178
;1372082;8.3413;61.6343;2229
;1372083;8.3601;61.6353;1962
;1372084;8.3788;61.6362;1826
;1372085;8.3975;61.6371;1442
;1372086;8.4163;61.638;1072
;1372087;8.435;61.6389;1442
;1372088;8.4538;61.6398;1480
;1372089;8.4725;61.6407;1491
;1372090;8.4913;61.6416;1586
;1372091;8.51;61.6425;1774
;1372092;8.5288;61.6434;1916
;1373258;7.9875;61.6076;1378
;1373259;8.0062;61.6085;1544
;1373260;8.0249;61.6095;1543
;1373261;8.0437;61.6104;1030
;1373262;8.0624;61.6114;1558
;1373263;8.0811;61.6124;1506
;1373264;8.0998;61.6133;1865
;1373265;8.1185;61.6143;1889
;1373266;8.1372;61.6152;1658
;1373267;8.156;61.6161;1327
;1373268;8.1747;61.6171;1018
;1373269;8.1934;61.618;1224
;1373270;8.2121;61.619;1433
;1373271;8.2309;61.6199;1668
;1373272;8.2496;61.6208;1675
;1373273;8.2683;61.6217;1806
;1373274;8.287;61.6227;2044
;1373275;8.3058;61.6236;2099
;1373276;8.3245;61.6245;1984
;1373277;8.3432;61.6254;1876
;1373278;8.362;61.6263;1850
;1373279;8.3807;61.6273;1530
;1373280;8.3994;61.6282;1146
;1373281;8.4182;61.6291;1219
;1373282;8.4369;61.63;1790
;1373283;8.4557;61.6309;1627
;1373284;8.4744;61.6318;1566
;1373285;8.4931;61.6327;1537
;1373286;8.5119;61.6336;1867
;1373287;8.5306;61.6345;1972
;1374455;8.027;61.6006;1300
;1374456;8.0457;61.6015;1224
;1374457;8.0644;61.6025;1445
;1374458;8.0831;61.6034;1605
;1374459;8.1018;61.6044;1991
;1374460;8.1205;61.6053;1825
;1374461;8.1392;61.6063;1786
;1374462;8.1579;61.6072;1616
;1374463;8.1767;61.6082;1070
;1374464;8.1954;61.6091;1241
;1374465;8.2141;61.61;1394
;1374466;8.2328;61.611;1809
;1374467;8.2515;61.6119;1938
;1374468;8.2703;61.6128;1891
;1374469;8.289;61.6138;2141
;1374470;8.3077;61.6147;2148
;1374471;8.3264;61.6156;2093
;1374472;8.3452;61.6165;1697
;1374473;8.3639;61.6174;1611
;1374474;8.3826;61.6183;1262
;1374475;8.4014;61.6192;1115
;1374476;8.4201;61.6202;1572
;1374477;8.4388;61.6211;1834
;1374478;8.4576;61.622;1871
;1374479;8.4763;61.6229;1730
;1374480;8.495;61.6238;1542
;1374481;8.5138;61.6246;1673
;1374482;8.5325;61.6255;1839
;1375650;8.029;61.5917;1258
;1375651;8.0477;61.5926;1419
;1375652;8.0664;61.5936;1468
;1375653;8.0851;61.5945;1672
;1375654;8.1038;61.5955;1976
;1375655;8.1225;61.5964;1803
;1375656;8.1412;61.5974;1592
;1375657;8.1599;61.5983;1377
;1375658;8.1786;61.5993;1103
;1375659;8.1973;61.6002;1471
;1375660;8.2161;61.6011;1526
;1375661;8.2348;61.6021;1739
;1375662;8.2535;61.603;2075
;1375663;8.2722;61.6039;2082
;1375664;8.2909;61.6048;1938
;1375665;8.3096;61.6058;1783
;1375666;8.3284;61.6067;1567
;1375667;8.3471;61.6076;1411
;1375668;8.3658;61.6085;1321
;1375669;8.3845;61.6094;1186
;1375670;8.4032;61.6103;1254
;1375671;8.422;61.6112;1893
;1375672;8.4407;61.6121;1944
;1375673;8.4594;61.613;1830
;1375674;8.4782;61.6139;1677
;1375675;8.4969;61.6148;1577
;1375676;8.5156;61.6157;1610
;1375677;8.5344;61.6166;1770
;1376844;8.0123;61.5818;1581
;1376845;8.031;61.5828;1246
;1376846;8.0497;61.5837;1432
;1376847;8.0684;61.5847;1580
;1376848;8.0871;61.5856;1742
;1376849;8.1058;61.5866;1796
;1376850;8.1245;61.5875;1981
;1376851;8.1432;61.5885;1978
;1376852;8.1619;61.5894;1593
;1376853;8.1806;61.5903;1219
;1376854;8.1993;61.5913;1186
;1376855;8.218;61.5922;1681
;1376856;8.2367;61.5931;1616
;1376857;8.2554;61.5941;1757
;1376858;8.2741;61.595;2117
;1376859;8.2928;61.5959;1974
;1376860;8.3116;61.5968;1771
;1376861;8.3303;61.5978;1666
;1376862;8.349;61.5987;2066
;1376863;8.3677;61.5996;1852
;1376864;8.3864;61.6005;1268
;1376865;8.4052;61.6014;1260
;1376866;8.4239;61.6023;1652
;1376867;8.4426;61.6032;1919
;1376868;8.4613;61.6041;2040
;1376869;8.4801;61.605;1690
;1376870;8.4988;61.6059;1620
;1376871;8.5175;61.6068;1652
;1376872;8.5362;61.6077;1773
;1378039;8.0143;61.5729;1501
;1378040;8.033;61.5738;1261
;1378041;8.0517;61.5748;1387
;1378042;8.0704;61.5758;1494
;1378043;8.0891;61.5767;1576
;1378044;8.1078;61.5777;1774
;1378045;8.1265;61.5786;1822
;1378046;8.1452;61.5795;1710
;1378047;8.1639;61.5805;1474
;1378048;8.1826;61.5814;1433
;1378049;8.2013;61.5824;1260
;1378050;8.22;61.5833;1418
;1378051;8.2387;61.5842;1814
;1378052;8.2574;61.5852;1804
;1378053;8.2761;61.5861;1851
;1378054;8.2948;61.587;2044
;1378055;8.3135;61.5879;1974
;1378056;8.3322;61.5888;2075
;1378057;8.3509;61.5898;1859
;1378058;8.3696;61.5907;1650
;1378059;8.3883;61.5916;1287
;1378060;8.4071;61.5925;1289
;1378061;8.4258;61.5934;1632
;1378062;8.4445;61.5943;2134
;1378063;8.4632;61.5952;2277
;1378064;8.4819;61.5961;1922
;1379234;8.0163;61.564;1424
;1379235;8.035;61.5649;1299
;1379236;8.0537;61.5659;1496
;1379237;8.0724;61.5668;1591
;1379238;8.0911;61.5678;1682
;1379239;8.1097;61.5687;1812
;1379240;8.1284;61.5697;1921
;1379241;8.1471;61.5706;1656
;1379242;8.1658;61.5716;1738
;1379243;8.1845;61.5725;1670
;1379244;8.2032;61.5735;1271
;1379245;8.2219;61.5744;1424
;1379246;8.2406;61.5753;1888
;1379247;8.2593;61.5762;1967
;1379248;8.278;61.5772;1885
;1379249;8.2967;61.5781;1833
;1379250;8.3154;61.579;1975
;1379251;8.3341;61.5799;1743
;1379252;8.3528;61.5808;1768
;1379253;8.3715;61.5818;1566
;1379254;8.3903;61.5827;1248
;1379255;8.409;61.5836;1433
;1379256;8.4277;61.5845;1418
;1379257;8.4464;61.5854;1705
;1379258;8.4651;61.5863;2157
;1380429;8.0183;61.5551;1438
;1380430;8.037;61.556;1365
;1380431;8.0557;61.557;1508
;1380432;8.0744;61.5579;1703
;1380433;8.0931;61.5589;1835
;1380434;8.1117;61.5598;1890
;1380435;8.1304;61.5608;2028
;1380436;8.1491;61.5617;1954
;1380437;8.1678;61.5627;1629
;1380438;8.1865;61.5636;1336
;1380439;8.2052;61.5645;1267
;1380440;8.2239;61.5655;1353
;1380441;8.2426;61.5664;1660
;1380442;8.2613;61.5673;1866
;1380443;8.28;61.5683;1673
;1380444;8.2986;61.5692;1540
;1380445;8.3174;61.5701;1584
;1380446;8.3361;61.571;1637
;1380447;8.3547;61.5719;1432
;1380448;8.3735;61.5728;1301
;1380449;8.3922;61.5737;1287
;1380450;8.4109;61.5747;1693
;1380451;8.4296;61.5756;1955
;1380452;8.4483;61.5765;1555
;1380453;8.467;61.5774;2036
;1381625;8.039;61.5471;1488
;1381628;8.095;61.55;1803
;1381629;8.1137;61.5509;1874
;1381630;8.1324;61.5519;2045
;1381631;8.1511;61.5528;1565
;1381632;8.1698;61.5537;1379
;1381633;8.1884;61.5547;1505
;1381634;8.2071;61.5556;1385
;1381635;8.2258;61.5566;1357
;1381636;8.2445;61.5575;1486
;1381637;8.2632;61.5584;1692
;1381638;8.2819;61.5593;1803
;1381639;8.3006;61.5603;1840
;1381640;8.3193;61.5612;1568
;1381641;8.338;61.5621;1354
;1381642;8.3567;61.563;1298
;1381643;8.3754;61.5639;1385
;1381644;8.3941;61.5648;1458
;1381645;8.4128;61.5657;2020
;1381646;8.4315;61.5666;2020
;1381647;8.4502;61.5675;1714
;1382823;8.097;61.5411;1843
;1382824;8.1157;61.542;1864
;1382826;8.1531;61.5439;1649
;1382827;8.1717;61.5448;1457
;1382828;8.1904;61.5458;1725
;1382829;8.2091;61.5467;1657
;1382830;8.2278;61.5476;1462
;1382831;8.2465;61.5486;1404
;1382832;8.2651;61.5495;1406
;1382833;8.2838;61.5504;1446
;1382834;8.3025;61.5513;1590
;1382835;8.3212;61.5523;1479
;1382836;8.3399;61.5532;1377
;1382837;8.3586;61.5541;1539
;1382838;8.3773;61.555;1837
;1382839;8.396;61.5559;1471
;1382840;8.4147;61.5568;1941
;1382841;8.4334;61.5577;1904
;1382842;8.4521;61.5586;2038
;1384019;8.1177;61.5331;1928
;1384022;8.1737;61.5359;1678
;1384027;8.2671;61.5406;1415
;1384028;8.2858;61.5415;1755
;1384029;8.3044;61.5424;1465
;1384030;8.3231;61.5433;1497
;1384031;8.3418;61.5443;1610
;1384032;8.3605;61.5452;1582
;1384033;8.3792;61.5461;1881
;1384034;8.3979;61.547;1521
;1384035;8.4166;61.5479;2006
;1385224;8.3064;61.5335;1554
;1385225;8.3251;61.5344;1796
;1385226;8.3437;61.5353;1883
;1385227;8.3624;61.5363;1810
;1385228;8.3811;61.5372;1783
;1385229;8.3998;61.5381;1677
;1385230;8.4185;61.539;1833
;1386425;8.4204;61.5301;2068
;1419926;9.2337;61.3149;1147
;1419927;9.2523;61.3157;1163
;1419929;9.2895;61.3173;1324
;1421121;9.2354;61.306;1157
;1421122;9.254;61.3068;1140
;1421123;9.2725;61.3076;1212
;1421124;9.2911;61.3083;1285
;1422315;9.2184;61.2963;1381
;1422316;9.237;61.297;1157
;1422317;9.2556;61.2978;1141
;1422318;9.2742;61.2986;1163
;1422319;9.2927;61.2994;1292
;1423509;9.2015;61.2865;1464
;1423510;9.2201;61.2873;1468
;1423511;9.2387;61.2881;1144
;1423512;9.2572;61.2889;1127
;1423513;9.2758;61.2897;1148
;1424703;9.1846;61.2768;1209
;1424704;9.2032;61.2776;1292
;1424705;9.2217;61.2784;1209
;1424706;9.2403;61.2792;1098
;1424707;9.2589;61.28;1104
;1425898;9.1863;61.2679;1226
;1425899;9.2048;61.2687;1135
;1425900;9.2234;61.2695;1151
;1425901;9.2419;61.2703;1048
;1425902;9.2605;61.271;1053
;1427093;9.1879;61.2589;1134
;1427094;9.2065;61.2597;1067
;1427095;9.225;61.2605;1085
;1427096;9.2436;61.2613;1054
;1427097;9.2621;61.2621;1035
;1428288;9.1896;61.25;1056
;1428289;9.2081;61.2508;1044
;1428290;9.2267;61.2516;1026
;1428291;9.2452;61.2524;1049
;1428292;9.2638;61.2532;1028
;1428293;9.2823;61.254;1005
;1429484;9.2098;61.2419;1043
;1429485;9.2283;61.2427;1021
;1429486;9.2469;61.2435;1008
;1429487;9.2654;61.2442;1000
;1429488;9.2839;61.245;978
;1429489;9.3025;61.2458;981
;1430679;9.2114;61.2329;976
;1430680;9.23;61.2337;969
;1430681;9.2485;61.2345;984
;1430682;9.267;61.2353;968
;1430683;9.2856;61.2361;944
;1430684;9.3041;61.2369;949
;1430685;9.3226;61.2377;969
;1431876;9.2501;61.2256;944
;1431877;9.2687;61.2264;937
;1431878;9.2872;61.2272;931
;1431879;9.3057;61.2279;945
;1431880;9.3243;61.2287;960
;1431881;9.3428;61.2295;974
;1433072;9.2703;61.2174;1011
;1433073;9.2888;61.2182;937
;1433074;9.3073;61.219;950
;1433075;9.3259;61.2198;1032
;1433076;9.3444;61.2206;1037
;1433077;9.3629;61.2213;1047
;1434267;9.2719;61.2085;991
;1434268;9.2904;61.2093;948
;1434269;9.309;61.2101;938
;1434270;9.3275;61.2109;992
;1434271;9.346;61.2116;1043
;1434272;9.3645;61.2124;1071
;1434273;9.383;61.2132;1079
;1434274;9.4016;61.2139;1111
;1434275;9.4201;61.2147;1009
;1434276;9.4386;61.2155;987
;1434277;9.4572;61.2162;995
;1434278;9.4757;61.217;1033
;1435462;9.2736;61.1996;1008
;1435463;9.2921;61.2004;912
;1435464;9.3106;61.2011;925
;1435465;9.3291;61.2019;972
;1435466;9.3476;61.2027;981
;1435467;9.3661;61.2035;985
;1435468;9.3846;61.2042;1017
;1435469;9.4032;61.205;1014
;1435470;9.4217;61.2058;971
;1435471;9.4402;61.2065;944
;1435472;9.4587;61.2073;973
;1435473;9.4773;61.2081;1022
;1435474;9.4958;61.2088;1023
;1435475;9.5143;61.2096;1008
;1436657;9.2752;61.1906;988
;1436658;9.2937;61.1914;896
;1436659;9.3122;61.1922;880
;1436660;9.3307;61.193;918
;1436661;9.3492;61.1938;985
;1436662;9.3677;61.1945;937
;1436663;9.3862;61.1953;939
;1436664;9.4047;61.1961;1023
;1436665;9.4233;61.1968;924
;1436666;9.4418;61.1976;912
;1436667;9.4603;61.1984;913
;1436668;9.4788;61.1991;926
;1436669;9.4973;61.1999;938
;1436670;9.5159;61.2006;937
;1436671;9.5344;61.2014;970
;1436672;9.5529;61.2021;1051
;1437853;9.2953;61.1825;913
;1437854;9.3138;61.1833;876
;1437855;9.3323;61.1841;874
;1437856;9.3508;61.1848;906
;1437857;9.3693;61.1856;980
;1437858;9.3878;61.1864;913
;1437859;9.4063;61.1871;945
;1437860;9.4249;61.1879;908
;1437861;9.4434;61.1887;906
;1437862;9.4619;61.1894;906
;1437863;9.4804;61.1902;906
;1437864;9.4989;61.1909;909
;1437865;9.5174;61.1917;949
;1437866;9.5359;61.1924;1074
;1439048;9.2969;61.1736;926
;1439049;9.3154;61.1743;938
;1439050;9.3339;61.1751;871
;1439051;9.3524;61.1759;865
;1439052;9.3709;61.1767;885
;1439053;9.3894;61.1774;917
;1439054;9.4079;61.1782;950
;1439055;9.4264;61.179;983
;1439056;9.4449;61.1797;906
;1439057;9.4635;61.1805;906
;1439058;9.482;61.1813;906
;1439059;9.5005;61.182;952
;1439060;9.519;61.1828;1057
;1439061;9.5375;61.1835;1084
;1440245;9.3355;61.1662;912
;1440246;9.354;61.167;873
;1440247;9.3725;61.1677;859
;1440248;9.391;61.1685;861
;1440249;9.4095;61.1693;885
;1440250;9.428;61.17;965
;1440251;9.4465;61.1708;950
;1440252;9.465;61.1716;906
;1440253;9.4835;61.1723;932
;1440254;9.502;61.1731;1023
;1440255;9.5205;61.1738;1102
;1440256;9.539;61.1746;1064
;1441441;9.3556;61.158;1041
;1441442;9.3741;61.1588;973
;1441443;9.3926;61.1596;905
;1441444;9.4111;61.1603;862
;1441445;9.4296;61.1611;898
;1441446;9.4481;61.1619;916
;1441447;9.4666;61.1626;940
;1441448;9.4851;61.1634;916
;1441449;9.5036;61.1641;1022
;1441450;9.5221;61.1649;1061
;1441451;9.5406;61.1656;1070
;1441452;9.5591;61.1664;1035
;1442637;9.3757;61.1499;1058
;1442638;9.3942;61.1506;1030
;1442639;9.4127;61.1514;875
;1442640;9.4312;61.1522;851
;1442641;9.4497;61.1529;870
;1442642;9.4682;61.1537;915
;1442643;9.4867;61.1544;856
;1442644;9.5051;61.1552;1005
;1442645;9.5236;61.156;1030
;1442646;9.5421;61.1567;1006
;1442647;9.5606;61.1574;1021
;1442648;9.5791;61.1582;1033
;1442649;9.5976;61.1589;1169
;1443831;9.3588;61.1402;1026
;1443832;9.3773;61.1409;1036
;1443833;9.3958;61.1417;1035
;1443834;9.4143;61.1425;944
;1443835;9.4328;61.1432;843
;1443836;9.4512;61.144;818
;1443837;9.4697;61.1448;852
;1443838;9.4882;61.1455;877
;1443839;9.5067;61.1463;915
;1443840;9.5252;61.147;1056
;1443841;9.5437;61.1478;957
;1443842;9.5622;61.1485;1001
;1443843;9.5807;61.1493;1036
;1443844;9.5992;61.15;1071
;1443845;9.6177;61.1507;1171
;1443846;9.6362;61.1515;1124
;1443847;9.6546;61.1522;1117
;1443848;9.6732;61.1529;1162
;1443849;9.6917;61.1537;1211
;1445026;9.3604;61.1312;1000
;1445027;9.3789;61.132;992
;1445028;9.3974;61.1328;992
;1445029;9.4158;61.1335;977
;1445030;9.4343;61.1343;889
;1445031;9.4528;61.1351;820
;1445032;9.4713;61.1358;839
;1445033;9.4898;61.1366;845
;1445034;9.5083;61.1373;866
;1445035;9.5267;61.1381;875
;1445036;9.5452;61.1388;895
;1445037;9.5637;61.1396;944
;1445038;9.5822;61.1403;1061
;1445039;9.6007;61.1411;1085
;1445040;9.6192;61.1418;1127
;1445041;9.6377;61.1425;1112
;1445042;9.6562;61.1433;1061
;1445043;9.6747;61.144;1093
;1445044;9.6931;61.1447;1102
;1445045;9.7116;61.1455;1055
;1446217;9.2881;61.1192;1106
;1446218;9.3066;61.12;1047
;1446219;9.3251;61.1207;1025
;1446220;9.3435;61.1215;1013
;1446221;9.362;61.1223;981
;1446222;9.3805;61.1231;961
;1446223;9.399;61.1238;963
;1446224;9.4174;61.1246;1024
;1446225;9.4359;61.1254;940
;1446226;9.4544;61.1261;847
;1446227;9.4729;61.1269;816
;1446228;9.4913;61.1276;834
;1446229;9.5098;61.1284;857
;1446230;9.5283;61.1291;919
;1446231;9.5468;61.1299;964
;1446232;9.5653;61.1306;898
;1446233;9.5837;61.1314;940
;1446234;9.6022;61.1321;1041
;1446235;9.6207;61.1329;1063
;1446236;9.6392;61.1336;1033
;1446237;9.6577;61.1343;997
;1446238;9.6762;61.1351;1019
;1446239;9.6947;61.1358;1037
;1447413;9.3082;61.111;1030
;1447414;9.3267;61.1118;999
;1447415;9.3451;61.1126;1029
;1447416;9.3636;61.1134;1019
;1447417;9.3821;61.1141;1010
;1447418;9.4005;61.1149;985
;1447419;9.419;61.1157;974
;1447420;9.4375;61.1164;980
;1447421;9.456;61.1172;927
;1447422;9.4744;61.1179;805
;1447423;9.4929;61.1187;801
;1447424;9.5114;61.1195;854
;1447425;9.5299;61.1202;906
;1447426;9.5483;61.121;916
;1447427;9.5668;61.1217;895
;1447428;9.5853;61.1224;908
;1447429;9.6038;61.1232;927
;1447430;9.6222;61.1239;993
;1447431;9.6407;61.1247;980
;1447432;9.6592;61.1254;963
;1447433;9.6777;61.1261;963
;1447434;9.6962;61.1268;963
;1447435;9.7146;61.1276;981
;1448608;9.3098;61.1021;947
;1448609;9.3283;61.1029;917
;1448610;9.3468;61.1037;961
;1448611;9.3652;61.1044;996
;1448612;9.3837;61.1052;1023
;1448613;9.4021;61.106;1023
;1448614;9.4206;61.1067;1010
;1448615;9.4391;61.1075;1023
;1448616;9.4575;61.1083;992
;1448617;9.476;61.109;892
;1448618;9.4945;61.1098;801
;1448619;9.5129;61.1105;827
;1448620;9.5314;61.1113;915
;1448621;9.5499;61.112;946
;1448622;9.5683;61.1128;895
;1448623;9.5868;61.1135;905
;1448624;9.6053;61.1142;931
;1448625;9.6238;61.115;931
;1448626;9.6422;61.1157;938
;1448627;9.6607;61.1164;957
;1448628;9.6792;61.1172;956
;1448629;9.6977;61.1179;975
;1448630;9.7161;61.1186;990
;1449804;9.3299;61.0939;923
;1449805;9.3483;61.0947;911
;1449806;9.3668;61.0955;936
;1449807;9.3853;61.0963;974
;1449808;9.4037;61.097;997
;1449809;9.4222;61.0978;969
;1449810;9.4406;61.0986;960
;1449811;9.4591;61.0993;997
;1449812;9.4775;61.1001;962
;1449813;9.496;61.1008;801
;1449814;9.5145;61.1016;863
;1449815;9.5329;61.1023;891
;1449816;9.5514;61.1031;979
;1449817;9.5699;61.1038;904
;1449818;9.5883;61.1046;909
;1449819;9.6068;61.1053;916
;1449820;9.6253;61.106;924
;1449821;9.6438;61.1068;932
;1449822;9.6622;61.1075;946
;1449823;9.6807;61.1082;955
;1449824;9.6992;61.109;996
;1450999;9.3315;61.085;904
;1451000;9.3499;61.0858;913
;1451001;9.3684;61.0866;910
;1451002;9.3869;61.0873;940
;1451003;9.4053;61.0881;1014
;1451004;9.4237;61.0889;1029
;1451005;9.4422;61.0896;957
;1451006;9.4607;61.0904;952
;1451007;9.4791;61.0911;966
;1451008;9.4976;61.0919;891
;1451009;9.516;61.0926;844
;1451010;9.5345;61.0934;906
;1451011;9.5529;61.0941;973
;1451012;9.5714;61.0949;897
;1451013;9.5899;61.0956;934
;1451014;9.6083;61.0964;950
;1451015;9.6268;61.0971;957
;1451016;9.6453;61.0978;977
;1451017;9.6637;61.0986;984
;1451018;9.6822;61.0993;995
;1451019;9.7007;61.1;1033
;1452193;9.3147;61.0753;950
;1452194;9.3331;61.0761;860
;1452195;9.3515;61.0768;875
;1452196;9.37;61.0776;886
;1452197;9.3884;61.0784;912
;1452198;9.4069;61.0792;961
;1452199;9.4253;61.0799;992
;1452200;9.4438;61.0807;985
;1452201;9.4622;61.0814;915
;1452202;9.4807;61.0822;926
;1452203;9.4991;61.083;858
;1452204;9.5176;61.0837;826
;1452205;9.536;61.0845;906
;1452206;9.5545;61.0852;936
;1452207;9.573;61.0859;898
;1452208;9.5914;61.0867;970
;1452209;9.6099;61.0874;949
;1452210;9.6283;61.0882;1012
;1452211;9.6468;61.0889;1006
;1452212;9.6652;61.0896;1005
;1452213;9.6837;61.0904;1030
;1452214;9.7022;61.0911;1014
;1452215;9.7206;61.0918;1060
;1453388;9.3163;61.0664;929
;1453389;9.3347;61.0671;780
;1453390;9.3531;61.0679;805
;1453391;9.3716;61.0687;828
;1453392;9.39;61.0695;835
;1453393;9.4085;61.0702;898
;1453394;9.4269;61.071;972
;1453395;9.4453;61.0717;1027
;1453396;9.4638;61.0725;1008
;1453397;9.4822;61.0733;877
;1453398;9.5007;61.074;842
;1453399;9.5191;61.0748;769
;1453400;9.5376;61.0755;881
;1453401;9.556;61.0763;917
;1453402;9.5745;61.077;891
;1453403;9.5929;61.0778;936
;1453404;9.6114;61.0785;949
;1453405;9.6298;61.0792;947
;1453406;9.6483;61.08;966
;1453407;9.6667;61.0807;1014
;1453408;9.6852;61.0814;1044
;1453409;9.7037;61.0821;1084
;1453410;9.7221;61.0829;1155
;1454583;9.3179;61.0574;899
;1454584;9.3363;61.0582;858
;1454585;9.3547;61.059;734
;1454586;9.3732;61.0598;762
;1454587;9.3916;61.0605;751
;1454588;9.41;61.0613;739
;1454589;9.4285;61.0621;829
;1454590;9.4469;61.0628;892
;1454591;9.4654;61.0636;922
;1454592;9.4838;61.0643;924
;1454593;9.5022;61.0651;801
;1454594;9.5207;61.0658;723
;1454595;9.5391;61.0666;875
;1454596;9.5576;61.0673;881
;1454597;9.576;61.0681;879
;1454598;9.5945;61.0688;904
;1454599;9.6129;61.0696;920
;1454600;9.6313;61.0703;983
;1454601;9.6498;61.071;1031
;1454602;9.6683;61.0718;1007
;1454603;9.6867;61.0725;1008
;1454604;9.7052;61.0732;1011
;1455778;9.3195;61.0485;934
;1455779;9.3379;61.0493;882
;1455780;9.3563;61.05;774
;1455781;9.3748;61.0508;718
;1455782;9.3932;61.0516;739
;1455783;9.4116;61.0524;729
;1455784;9.43;61.0531;698
;1455785;9.4485;61.0539;743
;1455786;9.4669;61.0546;852
;1455787;9.4853;61.0554;944
;1455788;9.5038;61.0561;888
;1455789;9.5222;61.0569;749
;1455790;9.5407;61.0576;758
;1455791;9.5591;61.0584;844
;1455792;9.5775;61.0591;851
;1455793;9.596;61.0599;871
;1455794;9.6144;61.0606;896
;1455795;9.6329;61.0614;908
;1455796;9.6513;61.0621;968
;1455797;9.6698;61.0628;1058
;1456974;9.3395;61.0403;921
;1456975;9.3579;61.0411;846
;1456976;9.3764;61.0419;875
;1456977;9.3948;61.0427;913
;1456978;9.4132;61.0434;977
;1456979;9.4316;61.0442;890
;1456980;9.4501;61.0449;698
;1456981;9.4685;61.0457;750
;1456982;9.4869;61.0465;812
;1456983;9.5053;61.0472;879
;1456984;9.5238;61.048;813
;1456985;9.5422;61.0487;663
;1456986;9.5606;61.0495;744
;1456987;9.5791;61.0502;805
;1456988;9.5975;61.0509;931
;1456989;9.6159;61.0517;897
;1456990;9.6344;61.0524;925
;1456991;9.6528;61.0531;1069
;1458171;9.3779;61.0329;930
;1458172;9.3963;61.0337;1019
;1458173;9.4148;61.0345;993
;1458174;9.4332;61.0352;1043
;1458175;9.4516;61.036;819
;1458176;9.47;61.0368;699
;1458177;9.4885;61.0375;781
;1458178;9.5069;61.0383;792
;1458179;9.5253;61.039;804
;1458180;9.5437;61.0398;706
;1458181;9.5622;61.0405;701
;1458182;9.5806;61.0413;763
;1458183;9.599;61.042;966
;1458184;9.6175;61.0427;894
;1458185;9.6359;61.0435;940
;1458186;9.6543;61.0442;1060
;1458187;9.6728;61.0449;1051
;1459299;8.1482;60.9669;1236
;1459300;8.1666;60.9678;1139
;1459367;9.3979;61.0248;972
;1459368;9.4164;61.0255;959
;1459369;9.4348;61.0263;1002
;1459370;9.4532;61.0271;912
;1459371;9.4716;61.0278;756
;1459372;9.49;61.0286;682
;1459373;9.5084;61.0293;804
;1459374;9.5269;61.0301;881
;1459375;9.5453;61.0308;711
;1459376;9.5637;61.0316;719
;1459377;9.5821;61.0323;739
;1459378;9.6006;61.0331;959
;1459379;9.619;61.0338;903
;1459380;9.6374;61.0345;947
;1459381;9.6558;61.0353;971
;1460494;8.1502;60.9579;1407
;1460495;8.1685;60.9589;1101
;1460496;8.1868;60.9598;1477
;1460563;9.4179;61.0166;1010
;1460564;9.4363;61.0174;1044
;1460565;9.4548;61.0181;1006
;1460566;9.4732;61.0189;910
;1460567;9.4916;61.0196;785
;1460568;9.51;61.0204;671
;1460569;9.5284;61.0211;733
;1460570;9.5468;61.0219;711
;1460571;9.5652;61.0226;787
;1460572;9.5837;61.0234;694
;1460573;9.6021;61.0241;930
;1460574;9.6205;61.0249;924
;1460575;9.6389;61.0256;937
;1460576;9.6573;61.0263;916
;1461689;8.1521;60.949;1207
;1461690;8.1704;60.95;1096
;1461691;8.1888;60.9509;1422
;1461692;8.2071;60.9518;1532
;1461759;9.4379;61.0084;1129
;1461760;9.4563;61.0092;1086
;1461761;9.4747;61.01;1049
;1461762;9.4931;61.0107;872
;1461763;9.5115;61.0115;713
;1461764;9.53;61.0122;578
;1461765;9.5484;61.013;627
;1461766;9.5668;61.0137;721
;1461767;9.5852;61.0144;732
;1461768;9.6036;61.0152;864
;1461769;9.622;61.0159;923
;1461770;9.6404;61.0167;804
;1461771;9.6589;61.0174;890
;1462876;8.0075;60.9326;1626
;1462877;8.0258;60.9335;1548
;1462878;8.0441;60.9345;1410
;1462883;8.1357;60.9392;1364
;1462884;8.154;60.9401;1451
;1462885;8.1723;60.9411;1040
;1462886;8.1907;60.942;1450
;1462887;8.209;60.9429;1354
;1462888;8.2273;60.9438;1316
;1462954;9.4395;60.9995;1063
;1462955;9.4579;61.0003;1070
;1462956;9.4763;61.001;917
;1462957;9.4947;61.0018;896
;1462958;9.5131;61.0025;730
;1462959;9.5315;61.0033;609
;1462960;9.5499;61.004;517
;1462961;9.5683;61.0048;594
;1462962;9.5867;61.0055;756
;1462963;9.6051;61.0062;775
;1462964;9.6235;61.007;871
;1462965;9.6419;61.0077;844
;1462966;9.6604;61.0085;832
;1462967;9.6788;61.0092;889
;1464072;8.0278;60.9246;1585
;1464073;8.0461;60.9256;1396
;1464074;8.0644;60.9265;1399
;1464077;8.1193;60.9293;1250
;1464078;8.1376;60.9303;1223
;1464079;8.1559;60.9312;1367
;1464080;8.1743;60.9321;1066
;1464081;8.1926;60.9331;1003
;1464082;8.2109;60.934;1104
;1464083;8.2292;60.9349;1302
;1464084;8.2476;60.9359;1147
;1464149;9.441;60.9906;1066
;1464150;9.4594;60.9913;974
;1464151;9.4778;60.9921;877
;1464152;9.4962;60.9928;863
;1464153;9.5146;60.9936;780
;1464154;9.533;60.9943;616
;1464155;9.5514;60.9951;520
;1464156;9.5698;60.9958;541
;1464157;9.5882;60.9966;746
;1464158;9.6067;60.9973;676
;1464159;9.6251;60.998;793
;1464160;9.6435;60.9988;811
;1464161;9.6619;60.9995;785
;1464162;9.6803;61.0002;809
;1464163;9.6987;61.001;831
;1465267;8.0297;60.9157;1669
;1465268;8.048;60.9166;1502
;1465269;8.0663;60.9176;1457
;1465270;8.0846;60.9185;1366
;1465271;8.1029;60.9195;1265
;1465272;8.1212;60.9204;1268
;1465273;8.1396;60.9214;1231
;1465274;8.1579;60.9223;1227
;1465275;8.1762;60.9232;1213
;1465276;8.1945;60.9242;983
;1465277;8.2128;60.9251;993
;1465278;8.2311;60.926;1110
;1465279;8.2494;60.9269;1110
;1465280;8.2678;60.9279;1133
;1465281;8.2861;60.9288;1258
;1465343;9.4242;60.9809;1070
;1465344;9.4426;60.9816;1050
;1465345;9.461;60.9824;1037
;1465346;9.4794;60.9831;854
;1465347;9.4978;60.9839;813
;1465348;9.5162;60.9847;789
;1465349;9.5346;60.9854;657
;1465350;9.553;60.9861;543
;1465351;9.5714;60.9869;519
;1465352;9.5898;60.9876;675
;1465353;9.6082;60.9884;599
;1465354;9.6266;60.9891;718
;1465355;9.645;60.9898;815
;1465356;9.6634;60.9906;817
;1465357;9.6818;60.9913;809
;1465358;9.7002;60.992;878
;1466462;8.0317;60.9068;1702
;1466463;8.05;60.9077;1674
;1466464;8.0683;60.9087;1460
;1466465;8.0866;60.9096;1337
;1466466;8.1049;60.9106;1352
;1466467;8.1232;60.9115;1337
;1466468;8.1415;60.9124;1333
;1466469;8.1598;60.9134;1384
;1466470;8.1781;60.9143;1343
;1466471;8.1964;60.9152;1281
;1466472;8.2147;60.9162;960
;1466473;8.233;60.9171;1062
;1466474;8.2513;60.918;1208
;1466475;8.2697;60.9189;1105
;1466476;8.288;60.9199;1189
;1466538;9.4258;60.9719;1041
;1466539;9.4442;60.9727;1111
;1466540;9.4626;60.9735;911
;1466541;9.4809;60.9742;836
;1466542;9.4993;60.975;828
;1466543;9.5177;60.9757;813
;1466544;9.5361;60.9765;728
;1466545;9.5545;60.9772;613
;1466546;9.5729;60.978;519
;1466547;9.5913;60.9787;486
;1466548;9.6097;60.9794;607
;1466549;9.6281;60.9802;761
;1466550;9.6465;60.9809;862
;1466551;9.6649;60.9816;856
;1466552;9.6833;60.9824;799
;1466553;9.7017;60.9831;909
;1467657;8.0336;60.8979;1729
;1467658;8.0519;60.8988;1676
;1467659;8.0702;60.8998;1553
;1467660;8.0885;60.9007;1478
;1467661;8.1068;60.9017;1514
;1467662;8.1251;60.9026;1474
;1467663;8.1434;60.9035;1468
;1467664;8.1617;60.9045;1376
;1467665;8.18;60.9054;1496
;1467666;8.1983;60.9063;1511
;1467667;8.2166;60.9073;1000
;1467668;8.2349;60.9082;954
;1467669;8.2532;60.9091;1260
;1467670;8.2715;60.91;1046
;1467671;8.2899;60.9109;1152
;1467672;8.3082;60.9119;1253
;1467673;8.3265;60.9128;1282
;1467674;8.3448;60.9137;1396
;1467733;9.4274;60.963;901
;1467734;9.4457;60.9638;892
;1467735;9.4641;60.9645;888
;1467736;9.4825;60.9653;893
;1467737;9.5009;60.966;946
;1467738;9.5193;60.9668;855
;1467739;9.5377;60.9675;872
;1467740;9.556;60.9683;760
;1467741;9.5744;60.969;642
;1467742;9.5928;60.9698;526
;1467743;9.6112;60.9705;435
;1467744;9.6296;60.9712;689
;1467745;9.648;60.972;816
;1467746;9.6664;60.9727;862
;1468853;8.0539;60.8899;1750
;1468854;8.0722;60.8909;1647
;1468855;8.0904;60.8918;1532
;1468856;8.1087;60.8927;1540
;1468857;8.127;60.8937;1476
;1468858;8.1453;60.8946;1508
;1468859;8.1636;60.8956;1488
;1468860;8.1819;60.8965;1396
;1468861;8.2002;60.8974;1351
;1468862;8.2185;60.8983;1130
;1468863;8.2368;60.8993;954
;1468864;8.2551;60.9002;965
;1468865;8.2734;60.9011;945
;1468866;8.2917;60.902;900
;1468867;8.31;60.9029;932
;1468868;8.3284;60.9039;1204
;1468869;8.3467;60.9048;1284
;1468929;9.4473;60.9548;969
;1468930;9.4657;60.9556;1029
;1468936;9.5759;60.9601;682
;1468937;9.5943;60.9608;583
;1468938;9.6127;60.9616;504
;1468939;9.6311;60.9623;571
;1468940;9.6495;60.963;799
;1468941;9.6679;60.9638;828
;1468942;9.6863;60.9645;864
;1470049;8.0741;60.8819;1667
;1470050;8.0924;60.8829;1694
;1470052;8.129;60.8848;1562
;1470053;8.1472;60.8857;1516
;1470054;8.1655;60.8866;1489
;1470055;8.1838;60.8876;1508
;1470056;8.2021;60.8885;1576
;1470057;8.2204;60.8894;1454
;1470058;8.2387;60.8904;1167
;1470059;8.257;60.8913;1025
;1470060;8.2753;60.8922;1022
;1470061;8.2936;60.8931;1027
;1470062;8.3119;60.894;951
;1470063;8.3302;60.8949;929
;1470132;9.5959;60.9519;630
;1470133;9.6142;60.9526;483
;1471249;8.1674;60.8777;1625
;1471250;8.1857;60.8787;1621
;1471252;8.2223;60.8805;1475
;1471253;8.2406;60.8814;1379
;1471254;8.2589;60.8824;1321
;1471255;8.2772;60.8833;1340
;1471256;8.2955;60.8842;1324
;1471257;8.3138;60.8851;1324
;1472448;8.2425;60.8725;1593
;1472449;8.2608;60.8734;1436
;1476196;11.2404;60.9629;675
;1476197;11.2588;60.9635;715
;1477391;11.2415;60.954;698
;1477392;11.2599;60.9545;735
;1477393;11.2783;60.955;694
;1478585;11.2241;60.9445;680
;1478586;11.2425;60.945;659
;1478587;11.2609;60.9455;637
;1478588;11.2794;60.946;649
;1478589;11.2978;60.9466;609
;1478590;11.3162;60.9471;651
;1479779;11.2068;60.935;717
;1479780;11.2252;60.9355;674
;1479781;11.2436;60.9361;614
;1479782;11.262;60.9366;588
;1479783;11.2804;60.9371;583
;1479784;11.2988;60.9376;555
;1479785;11.3172;60.9381;594
;1479786;11.3357;60.9386;622
;1479787;11.3541;60.9391;620
;1480975;11.2262;60.9266;641
;1480976;11.2446;60.9271;579
;1480977;11.263;60.9276;567
;1480978;11.2815;60.9281;547
;1480979;11.2999;60.9286;506
;1480980;11.3183;60.9291;535
;1480981;11.3367;60.9296;574
;1482170;11.2273;60.9176;621
;1482171;11.2457;60.9181;564
;1482172;11.2641;60.9187;562
;1482173;11.2825;60.9192;530
;1482174;11.3009;60.9197;484
;1482175;11.3193;60.9202;482
;1482176;11.3377;60.9207;521
;1483367;11.2651;60.9097;506
;1483368;11.2835;60.9102;482
;1483369;11.3019;60.9107;445
;1483370;11.3203;60.9112;445
;1483371;11.3387;60.9117;456
;1484564;11.303;60.9018;415
;1484565;11.3214;60.9023;412
;1484566;11.3398;60.9028;418
;1485760;11.3224;60.8933;379
;1497598;9.2837;60.7319;1090
;1497599;9.302;60.7327;1165
;1498791;9.2489;60.7214;996
;1498792;9.2671;60.7222;943
;1498793;9.2853;60.723;1040
;1498794;9.3036;60.7238;1086
;1498795;9.3218;60.7245;1022
;1499985;9.2322;60.7117;1069
;1499986;9.2505;60.7125;1072
;1499987;9.2687;60.7133;928
;1499988;9.2869;60.7141;946
;1499989;9.3052;60.7148;917
;1499990;9.3234;60.7156;935
;1499991;9.3416;60.7164;907
;1499992;9.3599;60.7172;856
;1501180;9.2338;60.7028;1043
;1501181;9.2521;60.7036;1060
;1501182;9.2703;60.7043;1039
;1501183;9.2885;60.7051;942
;1501184;9.3068;60.7059;860
;1501185;9.325;60.7067;841
;1501186;9.3432;60.7074;834
;1501187;9.3614;60.7082;829
;1501188;9.3797;60.709;827
;1501189;9.3979;60.7098;824
;1501191;9.4344;60.7113;841
;1501192;9.4526;60.712;811
;1502375;9.2354;60.6938;991
;1502376;9.2537;60.6946;929
;1502377;9.2719;60.6954;885
;1502378;9.2901;60.6962;873
;1502379;9.3083;60.697;820
;1502380;9.3266;60.6977;820
;1502381;9.3448;60.6985;820
;1502382;9.363;60.6993;839
;1502383;9.3812;60.7001;840
;1502384;9.3995;60.7008;817
;1502385;9.4177;60.7016;783
;1502386;9.4359;60.7023;780
;1502387;9.4542;60.7031;798
;1503569;9.2188;60.6841;1089
;1503570;9.2371;60.6849;960
;1503571;9.2553;60.6857;937
;1503572;9.2735;60.6865;943
;1503573;9.2917;60.6873;968
;1503574;9.3099;60.688;952
;1503575;9.3281;60.6888;880
;1503576;9.3464;60.6896;828
;1503577;9.3646;60.6903;830
;1503578;9.3828;60.6911;812
;1503579;9.401;60.6919;799
;1503580;9.4192;60.6926;797
;1503581;9.4375;60.6934;845
;1503582;9.4557;60.6942;877
;1503583;9.4739;60.6949;916
;1504764;9.2204;60.6752;1065
;1504765;9.2387;60.676;1046
;1504766;9.2569;60.6768;1004
;1504767;9.2751;60.6775;1035
;1504768;9.2933;60.6783;1033
;1504769;9.3115;60.6791;948
;1504770;9.3297;60.6799;924
;1504771;9.3479;60.6806;841
;1504772;9.3661;60.6814;813
;1504773;9.3844;60.6822;833
;1504774;9.4026;60.6829;830
;1504775;9.4208;60.6837;849
;1504776;9.439;60.6845;889
;1505959;9.222;60.6663;1145
;1505960;9.2402;60.667;1071
;1505961;9.2585;60.6678;1014
;1505965;9.3313;60.6709;832
;1505966;9.3495;60.6717;840
;1505967;9.3677;60.6725;849
;1505968;9.3859;60.6732;861
;1505969;9.4041;60.674;916
;1505970;9.4224;60.6748;936
;1505971;9.4406;60.6755;922
;1507160;9.3329;60.662;868
;1507161;9.3511;60.6628;873
;1509624;10.685;60.6945;476
;1509625;10.7033;60.6951;471
;1509626;10.7216;60.6957;459
;1509627;10.7398;60.6963;417
;1509628;10.7581;60.6969;414
;1509629;10.7764;60.6974;328
;1509630;10.7946;60.698;321
;1510818;10.668;60.685;442
;1510819;10.6862;60.6856;447
;1510820;10.7045;60.6861;446
;1510821;10.7228;60.6867;432
;1510822;10.741;60.6873;405
;1510823;10.7593;60.6879;355
;1510824;10.7775;60.6885;309
;1510825;10.7958;60.689;298
;1512012;10.6509;60.6754;397
;1512013;10.6692;60.676;419
;1512014;10.6874;60.6766;445
;1512015;10.7057;60.6772;439
;1512016;10.7239;60.6778;391
;1512017;10.7422;60.6784;363
;1512018;10.7605;60.6789;312
;1512019;10.7787;60.6795;282
;1512020;10.797;60.6801;259
;1513207;10.6522;60.6665;360
;1513208;10.6704;60.6671;359
;1513209;10.6886;60.6677;403
;1513210;10.7069;60.6682;385
;1513211;10.7251;60.6688;368
;1513212;10.7434;60.6694;325
;1513213;10.7616;60.67;291
;1513214;10.7799;60.6706;263
;1513215;10.7981;60.6711;244
;1514402;10.6534;60.6575;413
;1514403;10.6716;60.6581;370
;1514404;10.6898;60.6587;362
;1514405;10.7081;60.6593;359
;1514406;10.7263;60.6599;340
;1514407;10.7446;60.6605;299
;1514408;10.7628;60.661;272
;1514409;10.7811;60.6616;241
;1514410;10.7993;60.6622;295
;1515597;10.6546;60.6486;448
;1515598;10.6728;60.6492;390
;1515599;10.691;60.6497;358
;1515600;10.7093;60.6503;340
;1515601;10.7275;60.6509;317
;1515602;10.7458;60.6515;276
;1515603;10.764;60.6521;257
;1515604;10.7822;60.6527;292
;1515605;10.8005;60.6532;351
;1516792;10.6558;60.6396;436
;1516793;10.674;60.6402;409
;1516794;10.6922;60.6408;356
;1516795;10.7105;60.6414;335
;1516796;10.7287;60.642;300
;1516797;10.7469;60.6425;274
;1516798;10.7652;60.6431;324
;1516799;10.7834;60.6437;339
;1516800;10.8016;60.6443;380
;1517987;10.657;60.6307;424
;1517988;10.6752;60.6313;401
;1517989;10.6934;60.6318;392
;1517990;10.7117;60.6324;379
;1517991;10.7299;60.633;342
;1517992;10.7481;60.6336;290
;1517993;10.7663;60.6342;352
;1517994;10.7846;60.6347;382
;1517995;10.8028;60.6353;382
;1519182;10.6582;60.6217;422
;1519183;10.6764;60.6223;417
;1519184;10.6946;60.6229;415
;1519185;10.7128;60.6235;394
;1519186;10.7311;60.6241;365
;1519187;10.7493;60.6246;304
;1519188;10.7675;60.6252;384
;1519189;10.7857;60.6258;414
;1519190;10.804;60.6264;400
;1520378;10.6776;60.6133;426
;1520379;10.6958;60.6139;417
;1520380;10.714;60.6145;403
;1520381;10.7323;60.6151;364
;1520382;10.7505;60.6157;334
;1520383;10.7687;60.6163;388
;1520384;10.7869;60.6168;420
;1520385;10.8051;60.6174;407
;1521573;10.6788;60.6044;435
;1521574;10.697;60.605;420
;1521575;10.7152;60.6056;402
;1521576;10.7334;60.6062;347
;1521577;10.7517;60.6067;349
;1521578;10.7699;60.6073;392
;1521579;10.7881;60.6079;433
;1521580;10.8063;60.6085;463
;1522768;10.68;60.5954;438
;1522769;10.6982;60.596;427
;1522770;10.7164;60.5966;415
;1522771;10.7346;60.5972;398
;1522772;10.7528;60.5978;378
;1522773;10.771;60.5984;398
;1522774;10.7893;60.5989;465
;1522775;10.8075;60.5995;496
;1523963;10.6812;60.5865;446
;1523964;10.6994;60.5871;443
;1523965;10.7176;60.5877;422
;1523966;10.7358;60.5882;434
;1523967;10.754;60.5888;392
;1523968;10.7722;60.5894;434
;1523969;10.7904;60.59;502
;1523970;10.8086;60.5906;515
;1525158;10.6824;60.5775;459
;1525159;10.7006;60.5781;466
;1525160;10.7188;60.5787;431
;1525161;10.737;60.5793;459
;1525162;10.7552;60.5799;471
;1525163;10.7734;60.5804;485
;1525164;10.7916;60.581;503
;1526354;10.7018;60.5692;481
;1526355;10.72;60.5698;440
;1526356;10.7382;60.5703;474
;1526357;10.7564;60.5709;503
;1526358;10.7746;60.5715;510
;1526359;10.7928;60.5721;509
;1527550;10.7212;60.5608;479
;1527551;10.7394;60.5614;515
;1527552;10.7575;60.562;523
;1527553;10.7757;60.5625;505
;1528745;10.7223;60.5518;514
;1528746;10.7405;60.5524;531
;1528747;10.7587;60.553;531
;1528748;10.7769;60.5536;519
;1529940;10.7235;60.5429;525
;1529941;10.7417;60.5435;548
;1529942;10.7599;60.5441;572
;1529943;10.7781;60.5446;552
;1531134;10.7065;60.5334;522
;1531135;10.7247;60.5339;527
;1531136;10.7429;60.5345;553
;1531137;10.7611;60.5351;583
;1531138;10.7792;60.5357;596
;1532329;10.7077;60.5244;522
;1532330;10.7259;60.525;554
;1532331;10.7441;60.5256;584
;1532332;10.7622;60.5261;593
;1532333;10.7804;60.5267;595
;1532334;10.7986;60.5273;599
;1533524;10.7089;60.5155;531
;1533525;10.7271;60.516;571
;1533526;10.7452;60.5166;596
;1533527;10.7634;60.5172;652
;1533528;10.7816;60.5178;608
;1533529;10.7997;60.5183;636
;1533530;10.8179;60.5189;597
;1533531;10.8361;60.5195;611
;1533532;10.8542;60.5201;678
;1534719;10.7101;60.5065;540
;1534720;10.7283;60.5071;588
;1534721;10.7464;60.5077;587
;1534722;10.7646;60.5082;630
;1534723;10.7827;60.5088;697
;1534725;10.8191;60.51;667
;1534726;10.8372;60.5105;686
;1534727;10.8554;60.5111;646
;1535914;10.7113;60.4975;548
;1535915;10.7294;60.4981;595
;1535916;10.7476;60.4987;593
;1535917;10.7657;60.4993;641
;1535918;10.7839;60.4999;660
;1535920;10.8202;60.501;704
;1535921;10.8384;60.5016;678
;1535922;10.8565;60.5021;680
;1537109;10.7125;60.4886;554
;1537110;10.7306;60.4892;604
;1537111;10.7488;60.4898;639
;1537112;10.7669;60.4903;603
;1537117;10.8577;60.4932;710
;1538307;10.7681;60.4814;659
;1538308;10.7862;60.482;653
;1544193;9.1646;60.3757;1042
;1544194;9.1827;60.3765;909
;1545388;9.1663;60.3667;1087
;1545389;9.1843;60.3675;880
;1545390;9.2023;60.3683;918
;1545470;10.6483;60.4236;708
;1545471;10.6664;60.4242;657
;1545472;10.6845;60.4247;733
;1545473;10.7026;60.4253;730
;1545474;10.7207;60.4259;671
;1545475;10.7389;60.4265;613
;1546584;9.1859;60.3586;913
;1546585;9.2039;60.3594;934
;1546586;9.2219;60.3602;1022
;1546665;10.6495;60.4146;649
;1546666;10.6676;60.4152;667
;1546667;10.6857;60.4158;638
;1546668;10.7038;60.4164;651
;1546669;10.7219;60.417;569
;1546670;10.74;60.4175;590
;1546671;10.7581;60.4181;602
;1547778;9.1695;60.3489;1044
;1547779;9.1875;60.3497;828
;1547780;9.2055;60.3505;962
;1547781;9.2235;60.3512;1056
;1547782;9.2416;60.352;1067
;1547859;10.6326;60.4051;679
;1547860;10.6507;60.4057;658
;1547861;10.6688;60.4063;661
;1547862;10.6869;60.4068;676
;1547863;10.705;60.4074;647
;1547864;10.7231;60.408;560
;1547865;10.7412;60.4086;598
;1547866;10.7593;60.4092;662
;1548972;9.153;60.3391;1105
;1548973;9.1711;60.3399;875
;1548974;9.1891;60.3407;820
;1548975;9.2071;60.3415;942
;1548976;9.2251;60.3423;1031
;1548977;9.2431;60.3431;970
;1548978;9.2612;60.3439;1031
;1549054;10.6338;60.3961;593
;1549055;10.6519;60.3967;682
;1549056;10.67;60.3973;763
;1549057;10.6881;60.3979;691
;1549058;10.7062;60.3985;702
;1549059;10.7243;60.3991;562
;1549060;10.7424;60.3996;728
;1549061;10.7605;60.4002;735
;1549062;10.7786;60.4008;717
;1550167;9.1546;60.3302;1242
;1550168;9.1727;60.331;818
;1550169;9.1907;60.3318;887
;1550170;9.2087;60.3326;906
;1550171;9.2267;60.3334;1038
;1550172;9.2447;60.3342;941
;1550173;9.2627;60.3349;1006
;1550248;10.6169;60.3866;665
;1550249;10.635;60.3872;574
;1550250;10.6531;60.3878;616
;1550251;10.6712;60.3883;711
;1550252;10.6893;60.3889;693
;1550253;10.7074;60.3895;747
;1550254;10.7255;60.3901;565
;1550255;10.7435;60.3907;599
;1550256;10.7616;60.3913;681
;1550257;10.7797;60.3918;717
;1551359;9.1022;60.3189;1151
;1551360;9.1202;60.3197;1082
;1551361;9.1382;60.3205;1070
;1551362;9.1562;60.3213;1008
;1551363;9.1742;60.3221;839
;1551364;9.1923;60.3229;820
;1551365;9.2103;60.3237;815
;1551366;9.2283;60.3244;1004
;1551367;9.2463;60.3252;884
;1551368;9.2643;60.326;935
;1551369;9.2823;60.3268;1037
;1551370;9.3004;60.3276;1014
;1551371;9.3184;60.3283;985
;1551444;10.6362;60.3782;658
;1551445;10.6543;60.3788;584
;1551446;10.6724;60.3794;573
;1551447;10.6905;60.38;584
;1551448;10.7085;60.3806;600
;1551449;10.7266;60.3811;546
;1551450;10.7447;60.3817;546
;1551451;10.7628;60.3823;551
;1551452;10.7809;60.3829;605
;1552554;9.1038;60.31;1085
;1552555;9.1218;60.3108;1125
;1552556;9.1398;60.3116;1008
;1552557;9.1578;60.3124;877
;1552558;9.1758;60.3131;897
;1552559;9.1938;60.3139;795
;1552560;9.2119;60.3147;728
;1552561;9.2299;60.3155;968
;1552562;9.2479;60.3163;896
;1552563;9.2659;60.3171;916
;1552564;9.2839;60.3178;1003
;1552565;9.3019;60.3186;1030
;1552569;9.374;60.3217;1207
;1552640;10.6555;60.3698;545
;1552641;10.6736;60.3704;561
;1552642;10.6916;60.371;597
;1552643;10.7097;60.3716;587
;1552644;10.7278;60.3722;542
;1552645;10.7459;60.3728;566
;1552646;10.764;60.3734;569
;1552647;10.782;60.3739;560
;1553748;9.0875;60.3002;1003
;1553749;9.1054;60.301;962
;1553750;9.1234;60.3018;952
;1553751;9.1414;60.3026;958
;1553752;9.1594;60.3034;1070
;1553753;9.1774;60.3042;974
;1553754;9.1954;60.305;877
;1553755;9.2135;60.3058;762
;1553756;9.2315;60.3066;873
;1553757;9.2495;60.3074;928
;1553758;9.2675;60.3081;920
;1553759;9.2855;60.3089;999
;1553760;9.3035;60.3097;947
;1553761;9.3215;60.3105;1030
;1553762;9.3395;60.3112;1024
;1553763;9.3575;60.312;1037
;1553764;9.3755;60.3128;1199
;1553765;9.3935;60.3135;1297
;1553834;10.6386;60.3603;654
;1553835;10.6567;60.3609;577
;1553836;10.6747;60.3615;579
;1553837;10.6928;60.3621;557
;1553838;10.7109;60.3627;628
;1553839;10.729;60.3632;507
;1553840;10.7471;60.3638;555
;1553841;10.7651;60.3644;589
;1553842;10.7832;60.365;614
;1554944;9.1071;60.2921;967
;1554945;9.125;60.2929;1011
;1554946;9.1431;60.2937;1073
;1554948;9.179;60.2953;986
;1554949;9.197;60.2961;940
;1554950;9.215;60.2969;804
;1554951;9.233;60.2976;677
;1554952;9.251;60.2984;846
;1554953;9.269;60.2992;882
;1554954;9.287;60.3;904
;1554955;9.305;60.3008;974
;1554956;9.323;60.3015;1059
;1554957;9.3411;60.3023;1089
;1554958;9.359;60.3031;1021
;1554959;9.3771;60.3038;1175
;1554960;9.3951;60.3046;1246
;1554962;9.4311;60.3061;1304
;1554963;9.4491;60.3069;1276
;1555030;10.6579;60.3519;556
;1555031;10.6759;60.3525;637
;1555032;10.694;60.3531;561
;1555033;10.7121;60.3537;476
;1555034;10.7301;60.3543;466
;1555035;10.7482;60.3549;513
;1555036;10.7663;60.3554;608
;1555037;10.7844;60.356;628
;1555038;10.8024;60.3566;697
;1556143;9.1806;60.2863;988
;1556144;9.1986;60.2871;917
;1556145;9.2166;60.2879;850
;1556146;9.2346;60.2887;632
;1556147;9.2526;60.2895;644
;1556148;9.2706;60.2903;776
;1556149;9.2886;60.291;845
;1556150;9.3066;60.2918;918
;1556151;9.3246;60.2926;1086
;1556152;9.3426;60.2934;1117
;1556153;9.3606;60.2941;1020
;1556154;9.3786;60.2949;1041
;1556155;9.3966;60.2957;1130
;1556156;9.4146;60.2964;1131
;1556157;9.4326;60.2972;1197
;1556158;9.4506;60.2979;1303
;1556225;10.6591;60.343;543
;1556226;10.6771;60.3436;614
;1556227;10.6952;60.3442;517
;1556228;10.7133;60.3448;425
;1556229;10.7313;60.3453;431
;1556230;10.7494;60.3459;458
;1556231;10.7675;60.3465;526
;1556232;10.7855;60.3471;573
;1556233;10.8036;60.3476;671
;1557337;9.1642;60.2766;1016
;1557338;9.1822;60.2774;1085
;1557339;9.2002;60.2782;985
;1557340;9.2182;60.279;906
;1557341;9.2362;60.2798;788
;1557342;9.2542;60.2806;556
;1557343;9.2722;60.2813;678
;1557344;9.2902;60.2821;792
;1557345;9.3082;60.2829;1005
;1557346;9.3261;60.2837;1108
;1557347;9.3441;60.2844;968
;1557348;9.3621;60.2852;987
;1557349;9.3801;60.286;998
;1557350;9.3981;60.2867;1012
;1557351;9.4161;60.2875;1032
;1557352;9.4341;60.2882;1141
;1557353;9.4521;60.289;1328
;1557420;10.6602;60.334;539
;1557421;10.6783;60.3346;608
;1557422;10.6964;60.3352;504
;1557423;10.7144;60.3358;426
;1557424;10.7325;60.3364;431
;1557425;10.7506;60.337;437
;1557426;10.7686;60.3375;490
;1557427;10.7867;60.3381;518
;1557428;10.8047;60.3387;559
;1557429;10.8228;60.3393;614
;1557430;10.8409;60.3398;642
;1557431;10.8589;60.3404;644
;1558534;9.2018;60.2693;1036
;1558535;9.2198;60.2701;949
;1558536;9.2378;60.2708;897
;1558537;9.2557;60.2716;566
;1558538;9.2737;60.2724;623
;1558539;9.2917;60.2732;796
;1558540;9.3097;60.274;963
;1558541;9.3277;60.2747;984
;1558542;9.3457;60.2755;875
;1558543;9.3637;60.2763;969
;1558544;9.3817;60.277;1004
;1558545;9.3997;60.2778;971
;1558546;9.4177;60.2785;1000
;1558547;9.4357;60.2793;1096
;1558548;9.4537;60.2801;1292
;1558615;10.6614;60.3251;558
;1558616;10.6795;60.3257;442
;1558617;10.6975;60.3263;438
;1558618;10.7156;60.3268;425
;1558619;10.7337;60.3274;445
;1558620;10.7517;60.328;440
;1558621;10.7698;60.3286;504
;1558622;10.7878;60.3292;529
;1558623;10.8059;60.3297;555
;1558624;10.824;60.3303;552
;1558625;10.842;60.3309;545
;1558626;10.8601;60.3314;552
;1558627;10.8781;60.332;632
;1559621;7.2682;60.1612;1407
;1559622;7.2861;60.1622;1388
;1559728;9.1854;60.2595;965
;1559729;9.2034;60.2603;929
;1559730;9.2214;60.2611;908
;1559731;9.2393;60.2619;865
;1559732;9.2573;60.2627;665
;1559733;9.2753;60.2635;542
;1559734;9.2933;60.2642;604
;1559735;9.3113;60.265;826
;1559736;9.3293;60.2658;806
;1559737;9.3472;60.2666;784
;1559738;9.3652;60.2673;836
;1559739;9.3832;60.2681;834
;1559740;9.4012;60.2689;893
;1559741;9.4192;60.2696;938
;1559742;9.4372;60.2704;1052
;1559743;9.4552;60.2711;1183
;1559811;10.6807;60.3167;477
;1559812;10.6987;60.3173;418
;1559813;10.7168;60.3179;435
;1559814;10.7348;60.3185;476
;1559815;10.7529;60.319;479
;1559816;10.7709;60.3196;508
;1559817;10.789;60.3202;535
;1559818;10.807;60.3208;596
;1559819;10.8251;60.3213;624
;1559820;10.8432;60.3219;567
;1559821;10.8612;60.3225;491
;1559822;10.8793;60.323;530
;1559823;10.8973;60.3236;634
;1559824;10.9154;60.3241;634
;1560803;7.0384;60.1385;1402
;1560815;7.2525;60.1513;1341
;1560816;7.2703;60.1523;1416
;1560817;7.2882;60.1533;1351
;1560818;7.306;60.1544;1400
;1560924;9.205;60.2514;1005
;1560925;9.2229;60.2522;865
;1560926;9.2409;60.253;861
;1560927;9.2589;60.2538;714
;1560928;9.2769;60.2545;428
;1560929;9.2948;60.2553;361
;1560930;9.3128;60.2561;482
;1560931;9.3308;60.2569;520
;1560932;9.3488;60.2576;561
;1560933;9.3668;60.2584;624
;1560934;9.3848;60.2592;760
;1560935;9.4027;60.2599;736
;1560936;9.4207;60.2607;848
;1560937;9.4387;60.2614;977
;1561007;10.6999;60.3084;481
;1561008;10.718;60.3089;426
;1561009;10.736;60.3095;477
;1561010;10.754;60.3101;497
;1561011;10.7721;60.3107;523
;1561012;10.7901;60.3112;501
;1561013;10.8082;60.3118;565
;1561014;10.8262;60.3124;619
;1561015;10.8443;60.313;575
;1561016;10.8624;60.3135;565
;1561017;10.8804;60.3141;474
;1561018;10.8985;60.3146;523
;1561019;10.9165;60.3152;622
;1561020;10.9346;60.3157;648
;1561021;10.9526;60.3163;632
;1561998;7.0406;60.1296;1378
;1562000;7.0763;60.1317;1386
;1562009;7.2368;60.1413;1343
;1562010;7.2546;60.1424;1332
;1562011;7.2724;60.1434;1332
;1562012;7.2903;60.1445;1336
;1562013;7.3081;60.1455;1409
;1562118;9.1886;60.2417;963
;1562119;9.2065;60.2425;809
;1562120;9.2245;60.2433;784
;1562121;9.2425;60.244;758
;1562122;9.2605;60.2448;668
;1562123;9.2784;60.2456;482
;1562124;9.2964;60.2464;376
;1562125;9.3144;60.2471;306
;1562126;9.3323;60.2479;294
;1562127;9.3503;60.2487;321
;1562128;9.3683;60.2495;409
;1562129;9.3863;60.2502;585
;1562130;9.4043;60.251;737
;1562131;9.4222;60.2517;863
;1562132;9.4402;60.2525;961
;1562202;10.7011;60.2994;559
;1562203;10.7191;60.3;538
;1562204;10.7372;60.3006;409
;1562205;10.7552;60.3011;453
;1562206;10.7733;60.3017;380
;1562207;10.7913;60.3023;424
;1562208;10.8093;60.3029;460
;1562209;10.8274;60.3034;539
;1562210;10.8454;60.304;536
;1562211;10.8635;60.3046;505
;1562212;10.8815;60.3051;538
;1562213;10.8996;60.3057;446
;1562214;10.9176;60.3062;539
;1562215;10.9357;60.3068;593
;1562216;10.9537;60.3073;566
;1562217;10.9718;60.3079;516
;1563192;7.0249;60.1196;1393
;1563193;7.0428;60.1207;1288
;1563194;7.0606;60.1218;1283
;1563195;7.0784;60.1228;1248
;1563196;7.0962;60.1239;1270
;1563197;7.114;60.125;1380
;1563198;7.1319;60.1261;1382
;1563203;7.221;60.1314;1369
;1563204;7.2389;60.1324;1370
;1563205;7.2567;60.1335;1334
;1563206;7.2745;60.1345;1327
;1563207;7.2924;60.1356;1342
;1563312;9.1722;60.232;932
;1563313;9.1902;60.2328;792
;1563314;9.2081;60.2335;649
;1563315;9.2261;60.2343;776
;1563316;9.2441;60.2351;648
;1563317;9.262;60.2359;601
;1563318;9.28;60.2367;549
;1563319;9.298;60.2374;487
;1563320;9.3159;60.2382;461
;1563321;9.3339;60.239;382
;1563322;9.3519;60.2398;268
;1563323;9.3698;60.2405;330
;1563324;9.3878;60.2413;553
;1563325;9.4058;60.242;704
;1563326;9.4238;60.2428;860
;1563397;10.7023;60.2904;540
;1563398;10.7203;60.291;476
;1563399;10.7383;60.2916;470
;1563400;10.7564;60.2922;343
;1563401;10.7744;60.2928;335
;1563402;10.7925;60.2933;417
;1563403;10.8105;60.2939;446
;1563404;10.8285;60.2945;482
;1563405;10.8466;60.295;437
;1563406;10.8646;60.2956;425
;1563407;10.8827;60.2962;527
;1563408;10.9007;60.2967;506
;1563409;10.9188;60.2973;541
;1563410;10.9368;60.2978;523
;1563411;10.9548;60.2984;542
;1563412;10.9729;60.2989;470
;1564388;7.0449;60.1118;1314
;1564389;7.0627;60.1129;1258
;1564390;7.0806;60.114;1237
;1564391;7.0984;60.115;1286
;1564392;7.1162;60.1161;1348
;1564393;7.134;60.1172;1339
;1564394;7.1518;60.1182;1252
;1564395;7.1697;60.1193;1279
;1564396;7.1875;60.1203;1269
;1564397;7.2053;60.1214;1318
;1564398;7.2231;60.1225;1333
;1564399;7.241;60.1235;1409
;1564400;7.2588;60.1246;1330
;1564401;7.2766;60.1256;1317
;1564402;7.2945;60.1267;1351
;1564403;7.3123;60.1277;1379
;1564404;7.3301;60.1287;1351
;1564405;7.348;60.1298;1366
;1564410;7.4372;60.1349;1389
;1564507;9.1738;60.223;834
;1564508;9.1917;60.2238;881
;1564509;9.2097;60.2246;839
;1564510;9.2277;60.2254;865
;1564511;9.2456;60.2262;741
;1564512;9.2636;60.227;661
;1564513;9.2816;60.2277;578
;1564514;9.2995;60.2285;659
;1564515;9.3175;60.2293;572
;1564516;9.3355;60.23;493
;1564517;9.3534;60.2308;331
;1564518;9.3714;60.2316;259
;1564519;9.3893;60.2323;494
;1564520;9.4073;60.2331;584
;1564521;9.4253;60.2339;789
;1564593;10.7215;60.2821;474
;1564594;10.7395;60.2827;418
;1564595;10.7575;60.2832;340
;1564596;10.7756;60.2838;340
;1564597;10.7936;60.2844;323
;1564598;10.8116;60.285;362
;1564599;10.8297;60.2855;344
;1564600;10.8477;60.2861;359
;1564601;10.8658;60.2866;354
;1564602;10.8838;60.2872;463
;1564603;10.9018;60.2878;477
;1564604;10.9199;60.2883;425
;1564605;10.9379;60.2889;461
;1564606;10.956;60.2894;500
;1564607;10.974;60.29;515
;1564608;10.992;60.2905;459
;1564609;11.0101;60.2911;450
;1565582;7.0293;60.1018;1452
;1565583;7.0471;60.1029;1455
;1565584;7.0649;60.104;1451
;1565585;7.0827;60.1051;1211
;1565586;7.1005;60.1061;1221
;1565587;7.1183;60.1072;1251
;1565588;7.1361;60.1083;1276
;1565589;7.154;60.1093;1314
;1565590;7.1718;60.1104;1295
;1565591;7.1896;60.1115;1270
;1565592;7.2074;60.1125;1269
;1565593;7.2252;60.1136;1375
;1565594;7.2431;60.1146;1293
;1565595;7.2609;60.1157;1297
;1565596;7.2787;60.1167;1330
;1565597;7.2966;60.1178;1334
;1565598;7.3144;60.1188;1350
;1565599;7.3322;60.1198;1325
;1565600;7.3501;60.1209;1350
;1565601;7.3679;60.1219;1318
;1565602;7.3857;60.1229;1349
;1565603;7.4036;60.124;1360
;1565604;7.4214;60.125;1324
;1565605;7.4392;60.126;1326
;1565619;7.6891;60.1401;1248
;1565620;7.707;60.1411;1278
;1565704;9.2113;60.2157;946
;1565705;9.2292;60.2165;932
;1565706;9.2472;60.2172;767
;1565707;9.2652;60.218;713
;1565708;9.2831;60.2188;733
;1565709;9.3011;60.2196;843
;1565710;9.319;60.2203;862
;1565711;9.337;60.2211;571
;1565712;9.3549;60.2219;359
;1565713;9.3729;60.2226;280
;1565714;9.3909;60.2234;356
;1565715;9.4088;60.2242;511
;1565716;9.4268;60.2249;692
;1565787;10.7046;60.2725;600
;1565788;10.7226;60.2731;520
;1565789;10.7407;60.2737;455
;1565790;10.7587;60.2743;412
;1565791;10.7767;60.2749;419
;1565792;10.7948;60.2754;374
;1565793;10.8128;60.276;352
;1565794;10.8308;60.2766;338
;1565795;10.8489;60.2771;308
;1565796;10.8669;60.2777;301
;1565797;10.8849;60.2783;348
;1565798;10.903;60.2788;408
;1565799;10.921;60.2794;355
;1565800;10.939;60.2799;344
;1565801;10.9571;60.2805;328
;1565802;10.9751;60.281;382
;1565803;10.9931;60.2816;404
;1565804;11.0112;60.2821;424
;1565805;11.0292;60.2827;476
;1566777;7.0314;60.0929;1512
;1566778;7.0492;60.094;1334
;1566779;7.067;60.0951;1340
;1566780;7.0848;60.0962;1234
;1566781;7.1027;60.0972;1182
;1566782;7.1205;60.0983;1198
;1566783;7.1383;60.0994;1239
;1566784;7.1561;60.1004;1322
;1566785;7.1739;60.1015;1375
;1566786;7.1917;60.1026;1351
;1566787;7.2095;60.1036;1282
;1566788;7.2274;60.1047;1273
;1566789;7.2452;60.1057;1265
;1566790;7.263;60.1068;1334
;1566791;7.2808;60.1078;1338
;1566792;7.2986;60.1089;1389
;1566793;7.3165;60.1099;1319
;1566794;7.3343;60.1109;1321
;1566795;7.3521;60.112;1326
;1566796;7.37;60.113;1359
;1566797;7.3878;60.114;1313
;1566798;7.4056;60.1151;1367
;1566799;7.4235;60.1161;1303
;1566800;7.4413;60.1171;1343
;1566812;7.6554;60.1292;1370
;1566813;7.6733;60.1302;1364
;1566814;7.6911;60.1312;1287
;1566815;7.709;60.1322;1236
;1566816;7.7268;60.1332;1294
;1566900;9.2308;60.2075;933
;1566901;9.2488;60.2083;824
;1566902;9.2667;60.2091;946
;1566903;9.2847;60.2099;839
;1566904;9.3026;60.2106;972
;1566905;9.3206;60.2114;901
;1566906;9.3385;60.2122;648
;1566907;9.3565;60.2129;417
;1566908;9.3744;60.2137;241
;1566909;9.3924;60.2145;275
;1566910;9.4104;60.2152;529
;1566911;9.4283;60.216;685
;1566982;10.7058;60.2636;562
;1566983;10.7238;60.2642;512
;1566984;10.7418;60.2647;561
;1566985;10.7599;60.2653;446
;1566986;10.7779;60.2659;574
;1566987;10.7959;60.2665;540
;1566988;10.8139;60.267;551
;1566989;10.832;60.2676;498
;1566990;10.85;60.2682;402
;1566991;10.868;60.2687;311
;1566992;10.886;60.2693;299
;1566993;10.9041;60.2699;345
;1566994;10.9221;60.2704;342
;1566995;10.9401;60.271;267
;1566996;10.9582;60.2715;280
;1566997;10.9762;60.2721;237
;1566998;10.9942;60.2726;237
;1566999;11.0123;60.2732;347
;1567000;11.0303;60.2737;360
;1567001;11.0483;60.2742;346
;1567972;7.0336;60.084;1374
;1567973;7.0514;60.0851;1414
;1567974;7.0692;60.0862;1435
;1567975;7.087;60.0873;1297
;1567976;7.1048;60.0883;1305
;1567977;7.1226;60.0894;1226
;1567978;7.1404;60.0905;1187
;1567979;7.1582;60.0915;1266
;1567980;7.176;60.0926;1341
;1567981;7.1938;60.0937;1315
;1567982;7.2117;60.0947;1339
;1567983;7.2295;60.0958;1218
;1567984;7.2473;60.0968;1212
;1567985;7.2651;60.0979;1271
;1567986;7.2829;60.0989;1302
;1567987;7.3007;60.1;1313
;1567988;7.3186;60.101;1324
;1567989;7.3364;60.102;1350
;1567990;7.3542;60.1031;1383
;1567991;7.372;60.1041;1363
;1567992;7.3899;60.1051;1346
;1567993;7.4077;60.1062;1303
;1567994;7.4255;60.1072;1301
;1567995;7.4433;60.1082;1308
;1568004;7.6039;60.1173;1321
;1568008;7.6753;60.1213;1374
;1568009;7.6931;60.1223;1357
;1568010;7.7109;60.1233;1274
;1568011;7.7288;60.1243;1233
;1568012;7.7467;60.1253;1233
;1568097;9.2683;60.2002;1022
;1568098;9.2862;60.2009;942
;1568099;9.3042;60.2017;999
;1568100;9.3221;60.2025;920
;1568101;9.3401;60.2032;751
;1568102;9.358;60.204;477
;1568103;9.376;60.2048;236
;1568104;9.3939;60.2055;207
;1568105;9.4119;60.2063;467
;1568106;9.4298;60.2071;633
;1568178;10.725;60.2552;503
;1568179;10.743;60.2558;569
;1568180;10.761;60.2564;480
;1568181;10.779;60.2569;460
;1568182;10.7971;60.2575;540
;1568183;10.8151;60.2581;543
;1568184;10.8331;60.2587;524
;1568185;10.8511;60.2592;439
;1568186;10.8691;60.2598;390
;1568187;10.8872;60.2603;320
;1568188;10.9052;60.2609;294
;1568189;10.9232;60.2615;323
;1568190;10.9412;60.262;258
;1568191;10.9593;60.2626;211
;1568192;10.9773;60.2631;192
;1568193;10.9953;60.2637;196
;1568194;11.0134;60.2642;200
;1568195;11.0314;60.2647;225
;1569167;7.0357;60.0752;1554
;1569168;7.0535;60.0762;1524
;1569169;7.0713;60.0773;1451
;1569170;7.0891;60.0784;1294
;1569171;7.1069;60.0795;1282
;1569172;7.1247;60.0805;1338
;1569173;7.1425;60.0816;1172
;1569174;7.1603;60.0826;1192
;1569175;7.1782;60.0837;1310
;1569176;7.196;60.0848;1268
;1569177;7.2138;60.0858;1322
;1569178;7.2316;60.0869;1266
;1569179;7.2494;60.0879;1178
;1569180;7.2672;60.089;1166
;1569181;7.285;60.09;1150
;1569182;7.3028;60.0911;1223
;1569183;7.3207;60.0921;1300
;1569184;7.3385;60.0931;1371
;1569185;7.3563;60.0942;1360
;1569186;7.3741;60.0952;1337
;1569187;7.3919;60.0962;1286
;1569188;7.4097;60.0973;1305
;1569189;7.4276;60.0983;1245
;1569190;7.4454;60.0993;1308
;1569194;7.5167;60.1034;1330
;1569195;7.5345;60.1044;1342
;1569197;7.5702;60.1064;1267
;1569198;7.588;60.1074;1236
;1569199;7.6059;60.1084;1262
;1569200;7.6237;60.1094;1315
;1569202;7.6594;60.1114;1381
;1569203;7.6772;60.1124;1356
;1569204;7.6951;60.1134;1320
;1569205;7.7129;60.1144;1294
;1569206;7.7308;60.1154;1229
;1569207;7.7486;60.1164;1261
;1569210;7.8022;60.1193;1310
;1569292;9.2698;60.1912;962
;1569293;9.2878;60.192;919
;1569294;9.3057;60.1928;995
;1569295;9.3237;60.1935;972
;1569296;9.3416;60.1943;757
;1569297;9.3596;60.1951;475
;1569298;9.3775;60.1958;370
;1569299;9.3955;60.1966;177
;1569300;9.4134;60.1974;331
;1569301;9.4314;60.1981;631
;1569375;10.7622;60.2474;499
;1569376;10.7802;60.248;507
;1569377;10.7982;60.2486;498
;1569378;10.8162;60.2491;563
;1569379;10.8342;60.2497;530
;1569380;10.8523;60.2503;538
;1569381;10.8703;60.2508;494
;1569382;10.8883;60.2514;441
;1569383;10.9063;60.2519;420
;1569384;10.9243;60.2525;354
;1569385;10.9424;60.2531;346
;1569386;10.9604;60.2536;286
;1569387;10.9784;60.2542;200
;1569388;10.9964;60.2547;180
;1569389;11.0144;60.2552;192
;1570363;7.0557;60.0673;1455
;1570364;7.0735;60.0684;1300
;1570365;7.0913;60.0695;1306
;1570366;7.1091;60.0706;1335
;1570367;7.1269;60.0716;1268
;1570368;7.1447;60.0727;1215
;1570369;7.1625;60.0738;1172
;1570370;7.1803;60.0748;1193
;1570371;7.1981;60.0759;1193
;1570372;7.2159;60.0769;1167
;1570373;7.2337;60.078;1167
;1570374;7.2515;60.079;1170
;1570375;7.2693;60.0801;1168
;1570376;7.2871;60.0811;1176
;1570377;7.3049;60.0822;1150
;1570378;7.3227;60.0832;1265
;1570379;7.3405;60.0842;1248
;1570380;7.3584;60.0853;1243
;1570381;7.3762;60.0863;1218
;1570382;7.394;60.0873;1187
;1570383;7.4118;60.0884;1217
;1570384;7.4296;60.0894;1221
;1570385;7.4475;60.0904;1250
;1570386;7.4653;60.0914;1341
;1570387;7.4831;60.0925;1335
;1570388;7.5009;60.0935;1319
;1570389;7.5187;60.0945;1327
;1570391;7.5544;60.0965;1309
;1570392;7.5722;60.0975;1248
;1570393;7.5901;60.0985;1197
;1570394;7.6079;60.0995;1238
;1570395;7.6257;60.1005;1312
;1570396;7.6436;60.1015;1223
;1570397;7.6614;60.1025;1317
;1570398;7.6792;60.1035;1365
;1570399;7.6971;60.1045;1365
;1570400;7.7149;60.1055;1312
;1570401;7.7327;60.1065;1204
;1570402;7.7506;60.1075;1216
;1570403;7.7684;60.1085;1261
;1570404;7.7863;60.1094;1295
;1570405;7.8041;60.1104;1266
;1570406;7.822;60.1114;1275
;1570486;9.2535;60.1815;880
;1570487;9.2714;60.1823;879
;1570488;9.2893;60.1831;792
;1570489;9.3073;60.1838;839
;1570490;9.3252;60.1846;782
;1570491;9.3432;60.1854;765
;1570492;9.3611;60.1861;452
;1570493;9.3791;60.1869;299
;1570494;9.397;60.1877;173
;1570495;9.4149;60.1884;200
;1570496;9.4329;60.1892;431
;1570497;9.4508;60.1899;654
;1570571;10.7813;60.239;571
;1570572;10.7994;60.2396;599
;1570573;10.8174;60.2402;538
;1570574;10.8354;60.2407;509
;1570575;10.8534;60.2413;542
;1570576;10.8714;60.2419;503
;1570577;10.8894;60.2424;515
;1570578;10.9074;60.243;510
;1570579;10.9254;60.2435;457
;1570580;10.9435;60.2441;428
;1570581;10.9615;60.2446;362
;1570582;10.9795;60.2452;205
;1570583;10.9975;60.2457;189
;1570584;11.0155;60.2463;196
;1571557;7.0401;60.0574;1479
;1571558;7.0578;60.0584;1406
;1571559;7.0756;60.0595;1345
;1571560;7.0934;60.0606;1501
;1571561;7.1112;60.0617;1366
;1571562;7.129;60.0627;1225
;1571563;7.1468;60.0638;1254
;1571564;7.1646;60.0649;1228
;1571565;7.1824;60.0659;1167
;1571566;7.2002;60.067;1167
;1571567;7.218;60.068;1167
;1571568;7.2358;60.0691;1180
;1571569;7.2536;60.0701;1183
;1571570;7.2714;60.0712;1189
;1571571;7.2892;60.0722;1176
;1571572;7.307;60.0733;1150
;1571573;7.3248;60.0743;1147
;1571574;7.3426;60.0753;1144
;1571575;7.3604;60.0764;1148
;1571576;7.3782;60.0774;1144
;1571577;7.396;60.0784;1167
;1571578;7.4139;60.0795;1138
;1571579;7.4317;60.0805;1151
;1571580;7.4495;60.0815;1170
;1571581;7.4673;60.0825;1256
;1571582;7.4851;60.0836;1298
;1571583;7.503;60.0846;1329
;1571584;7.5208;60.0856;1332
;1571585;7.5386;60.0866;1332
;1571586;7.5564;60.0876;1335
;1571587;7.5742;60.0886;1277
;1571588;7.5921;60.0896;1212
;1571589;7.6099;60.0906;1197
;1571590;7.6277;60.0916;1208
;1571591;7.6455;60.0926;1230
;1571592;7.6634;60.0936;1202
;1571593;7.6812;60.0946;1343
;1571594;7.699;60.0956;1355
;1571595;7.7169;60.0966;1240
;1571596;7.7347;60.0976;1177
;1571597;7.7526;60.0986;1206
;1571598;7.7704;60.0995;1254
;1571599;7.7882;60.1005;1230
;1571600;7.8061;60.1015;1320
;1571601;7.8239;60.1025;1334
;1571602;7.8418;60.1034;1256
;1571603;7.8596;60.1044;1253
;1571604;7.8775;60.1054;1278
;1571681;9.255;60.1726;781
;1571682;9.273;60.1733;721
;1571683;9.2909;60.1741;628
;1571684;9.3088;60.1749;616
;1571685;9.3268;60.1757;569
;1571686;9.3447;60.1764;758
;1571687;9.3626;60.1772;570
;1571688;9.3806;60.178;447
;1571689;9.3985;60.1787;266
;1571690;9.4165;60.1795;170
;1571691;9.4344;60.1802;316
;1571767;10.8005;60.2307;592
;1571768;10.8185;60.2312;517
;1571769;10.8365;60.2318;519
;1571770;10.8545;60.2324;522
;1571771;10.8725;60.2329;478
;1571772;10.8905;60.2335;421
;1571773;10.9086;60.234;440
;1571774;10.9266;60.2346;402
;1571775;10.9446;60.2351;370
;1571776;10.9626;60.2357;386
;1571777;10.9806;60.2362;203
;1571778;10.9986;60.2368;180
;1571779;11.0166;60.2373;195
;1572751;7.0244;60.0474;1549
;1572752;7.0422;60.0485;1398
;1572753;7.06;60.0496;1333
;1572754;7.0778;60.0506;1423
;1572755;7.0956;60.0517;1445
;1572756;7.1133;60.0528;1206
;1572757;7.1311;60.0538;1232
;1572758;7.1489;60.0549;1316
;1572759;7.1667;60.056;1203
;1572760;7.1845;60.057;1226
;1572761;7.2023;60.0581;1201
;1572762;7.2201;60.0591;1302
;1572763;7.2379;60.0602;1305
;1572764;7.2557;60.0612;1307
;1572765;7.2735;60.0623;1257
;1572766;7.2913;60.0633;1247
;1572767;7.3091;60.0644;1211
;1572768;7.3269;60.0654;1225
;1572769;7.3447;60.0664;1201
;1572770;7.3625;60.0675;1272
;1572771;7.3803;60.0685;1196
;1572772;7.3981;60.0695;1176
;1572773;7.4159;60.0706;1252
;1572774;7.4337;60.0716;1139
;1572775;7.4515;60.0726;1132
;1572776;7.4693;60.0736;1186
;1572777;7.4872;60.0747;1260
;1572778;7.505;60.0757;1283
;1572779;7.5228;60.0767;1309
;1572780;7.5406;60.0777;1312
;1572781;7.5584;60.0787;1284
;1572782;7.5763;60.0797;1214
;1572783;7.5941;60.0807;1229
;1572784;7.6119;60.0817;1275
;1572785;7.6297;60.0827;1355
;1572786;7.6476;60.0837;1355
;1572787;7.6654;60.0847;1255
;1572788;7.6832;60.0857;1180
;1572789;7.701;60.0867;1221
;1572790;7.7189;60.0877;1157
;1572791;7.7367;60.0887;1163
;1572792;7.7545;60.0897;1188
;1572793;7.7724;60.0906;1217
;1572794;7.7902;60.0916;1220
;1572795;7.808;60.0926;1220
;1572796;7.8259;60.0936;1276
;1572797;7.8437;60.0945;1230
;1572798;7.8615;60.0955;1237
;1572799;7.8794;60.0965;1282
;1572800;7.8972;60.0974;1324
;1572876;9.2566;60.1636;792
;1572877;9.2745;60.1644;670
;1572878;9.2925;60.1652;689
;1572879;9.3104;60.166;748
;1572880;9.3283;60.1667;631
;1572881;9.3462;60.1675;606
;1572882;9.3642;60.1683;525
;1572883;9.3821;60.169;362
;1572884;9.4001;60.1698;203
;1572885;9.418;60.1706;177
;1572961;10.7837;60.2211;592
;1572962;10.8017;60.2217;582
;1572963;10.8197;60.2223;488
;1572964;10.8377;60.2228;510
;1572965;10.8557;60.2234;542
;1572966;10.8737;60.224;550
;1572967;10.8917;60.2245;414
;1572968;10.9097;60.2251;421
;1572969;10.9277;60.2256;370
;1572970;10.9457;60.2262;319
;1572971;10.9637;60.2267;252
;1572972;10.9817;60.2273;190
;1572973;10.9997;60.2278;182
;1572974;11.0177;60.2284;198
;1572978;11.0898;60.2305;205
;1573945;7.0088;60.0374;1505
;1573946;7.0266;60.0385;1485
;1573947;7.0444;60.0396;1425
;1573948;7.0621;60.0407;1219
;1573949;7.0799;60.0417;1226
;1573950;7.0977;60.0428;1232
;1573951;7.1155;60.0439;1354
;1573952;7.1333;60.0449;1322
;1573953;7.1511;60.046;1233
;1573954;7.1688;60.0471;1246
;1573955;7.1866;60.0481;1274
;1573956;7.2044;60.0492;1327
;1573957;7.2222;60.0502;1325
;1573958;7.24;60.0513;1317
;1573959;7.2578;60.0523;1311
;1573960;7.2756;60.0534;1301
;1573961;7.2934;60.0544;1293
;1573962;7.3112;60.0555;1276
;1573963;7.329;60.0565;1248
;1573964;7.3468;60.0575;1276
;1573965;7.3646;60.0586;1285
;1573966;7.3824;60.0596;1238
;1573967;7.4002;60.0606;1241
;1573968;7.418;60.0617;1252
;1573969;7.4358;60.0627;1233
;1573970;7.4536;60.0637;1135
;1573971;7.4714;60.0647;1120
;1573972;7.4892;60.0658;1187
;1573973;7.507;60.0668;1265
;1573974;7.5248;60.0678;1282
;1573975;7.5426;60.0688;1274
;1573976;7.5605;60.0698;1239
;1573977;7.5783;60.0708;1224
;1573978;7.5961;60.0718;1258
;1573979;7.6139;60.0728;1258
;1573980;7.6317;60.0738;1351
;1573981;7.6495;60.0748;1333
;1573982;7.6674;60.0758;1244
;1573983;7.6852;60.0768;1157
;1573984;7.703;60.0778;1153
;1573985;7.7208;60.0788;1153
;1573986;7.7387;60.0798;1179
;1573987;7.7565;60.0807;1188
;1573988;7.7743;60.0817;1225
;1573989;7.7922;60.0827;1281
;1573990;7.81;60.0837;1212
;1573991;7.8278;60.0847;1269
;1573992;7.8457;60.0856;1265
;1573993;7.8635;60.0866;1216
;1573994;7.8813;60.0876;1299
;1573995;7.8992;60.0885;1265
;1574071;9.2582;60.1547;773
;1574072;9.2761;60.1555;838
;1574073;9.294;60.1563;863
;1574074;9.3119;60.157;801
;1574075;9.3299;60.1578;794
;1574076;9.3478;60.1586;589
;1574077;9.3657;60.1593;424
;1574078;9.3836;60.1601;429
;1574079;9.4016;60.1609;454
;1574080;9.4195;60.1616;170
;1574155;10.7668;60.2116;541
;1574156;10.7848;60.2122;502
;1574157;10.8028;60.2127;496
;1574158;10.8208;60.2133;487
;1574159;10.8388;60.2139;483
;1574160;10.8568;60.2144;466
;1574161;10.8748;60.215;493
;1574162;10.8928;60.2156;412
;1574163;10.9108;60.2161;324
;1574164;10.9288;60.2167;320
;1574165;10.9468;60.2172;239
;1574166;10.9648;60.2178;179
;1574167;10.9828;60.2183;161
;1574168;11.0008;60.2189;180
;1574169;11.0188;60.2194;190
;1574170;11.0368;60.22;199
;1574171;11.0548;60.2205;193
;1574172;11.0728;60.221;193
;1574173;11.0908;60.2216;207
;1575141;7.0287;60.0296;1212
;1575142;7.0465;60.0307;1214
;1575143;7.0643;60.0318;1252
;1575144;7.0821;60.0328;1354
;1575145;7.0998;60.0339;1385
;1575146;7.1176;60.035;1366
;1575147;7.1354;60.036;1298
;1575148;7.1532;60.0371;1325
;1575149;7.171;60.0382;1378
;1575150;7.1887;60.0392;1377
;1575151;7.2065;60.0403;1344
;1575152;7.2243;60.0413;1373
;1575153;7.2421;60.0424;1328
;1575154;7.2599;60.0434;1362
;1575155;7.2777;60.0445;1342
;1575156;7.2955;60.0455;1344
;1575157;7.3133;60.0466;1241
;1575158;7.331;60.0476;1234
;1575159;7.3488;60.0486;1249
;1575160;7.3666;60.0497;1242
;1575161;7.3844;60.0507;1232
;1575162;7.4022;60.0517;1137
;1575163;7.42;60.0528;1172
;1575164;7.4378;60.0538;1156
;1575165;7.4556;60.0548;1237
;1575166;7.4734;60.0558;1112
;1575167;7.4912;60.0569;1112
;1575168;7.509;60.0579;1134
;1575169;7.5269;60.0589;1211
;1575170;7.5447;60.0599;1273
;1575171;7.5625;60.0609;1226
;1575172;7.5803;60.0619;1234
;1575173;7.5981;60.0629;1306
;1575174;7.6159;60.0639;1329
;1575175;7.6337;60.0649;1276
;1575176;7.6515;60.0659;1204
;1575177;7.6694;60.0669;1252
;1575178;7.6872;60.0679;1289
;1575179;7.705;60.0689;1256
;1575180;7.7228;60.0699;1154
;1575181;7.7406;60.0709;1216
;1575182;7.7585;60.0718;1217
;1575183;7.7763;60.0728;1211
;1575184;7.7941;60.0738;1218
;1575185;7.8119;60.0748;1221
;1575186;7.8298;60.0757;1212
;1575187;7.8476;60.0767;1212
;1575188;7.8654;60.0777;1231
;1575189;7.8833;60.0786;1322
;1575190;7.9011;60.0796;1306
;1575191;7.9189;60.0806;1326
;1575268;9.2956;60.1473;810
;1575269;9.3135;60.1481;746
;1575270;9.3314;60.1489;700
;1575271;9.3493;60.1496;647
;1575272;9.3673;60.1504;626
;1575273;9.3852;60.1512;500
;1575275;9.421;60.1527;240
;1575351;10.786;60.2032;542
;1575352;10.8039;60.2038;461
;1575353;10.8219;60.2044;436
;1575354;10.8399;60.2049;412
;1575355;10.8579;60.2055;361
;1575356;10.8759;60.206;420
;1575357;10.8939;60.2066;343
;1575358;10.9119;60.2072;324
;1575359;10.9299;60.2077;243
;1575360;10.9479;60.2083;216
;1575361;10.9659;60.2088;158
;1575362;10.9839;60.2094;157
;1575363;11.0019;60.2099;185
;1575364;11.0199;60.2105;179
;1575365;11.0379;60.211;187
;1575366;11.0559;60.2115;186
;1575367;11.0739;60.2121;202
;1575368;11.0919;60.2126;211
;1576336;7.0309;60.0207;1408
;1576337;7.0487;60.0218;1498
;1576338;7.0664;60.0229;1378
;1576339;7.0842;60.0239;1426
;1576340;7.102;60.025;1554
;1576341;7.1198;60.0261;1473
;1576342;7.1375;60.0272;1383
;1576343;7.1553;60.0282;1358
;1576344;7.1731;60.0293;1423
;1576345;7.1908;60.0303;1399
;1576346;7.2086;60.0314;1420
;1576347;7.2264;60.0324;1374
;1576348;7.2442;60.0335;1356
;1576349;7.262;60.0345;1280
;1576350;7.2798;60.0356;1299
;1576351;7.2975;60.0366;1195
;1576352;7.3153;60.0377;1150
;1576353;7.3331;60.0387;1180
;1576354;7.3509;60.0397;1137
;1576355;7.3687;60.0408;1134
;1576356;7.3865;60.0418;1139
;1576357;7.4043;60.0428;1138
;1576358;7.4221;60.0439;1122
;1576359;7.4399;60.0449;1115
;1576360;7.4577;60.0459;1140
;1576361;7.4755;60.0469;1205
;1576362;7.4933;60.048;1203
;1576363;7.5111;60.049;1238
;1576364;7.5289;60.05;1154
;1576365;7.5467;60.051;1276
;1576366;7.5645;60.052;1293
;1576367;7.5823;60.053;1218
;1576368;7.6001;60.054;1391
;1576369;7.6179;60.055;1391
;1576370;7.6357;60.056;1207
;1576371;7.6535;60.057;1242
;1576372;7.6713;60.058;1330
;1576373;7.6891;60.059;1384
;1576374;7.707;60.06;1387
;1576375;7.7248;60.061;1154
;1576376;7.7426;60.062;1243
;1576377;7.7604;60.0629;1244
;1576378;7.7782;60.0639;1210
;1576379;7.7961;60.0649;1210
;1576380;7.8139;60.0659;1215
;1576381;7.8317;60.0668;1212
;1576382;7.8495;60.0678;1234
;1576383;7.8674;60.0688;1229
;1576384;7.8852;60.0697;1313
;1576385;7.903;60.0707;1342
;1576386;7.9208;60.0717;1413
;1576387;7.9387;60.0726;1390
;1576464;9.315;60.1392;806
;1576465;9.3329;60.1399;717
;1576547;10.8051;60.1948;506
;1576548;10.8231;60.1954;499
;1576549;10.8411;60.196;537
;1576550;10.8591;60.1965;418
;1576551;10.877;60.1971;335
;1576552;10.895;60.1977;305
;1576553;10.913;60.1982;280
;1576554;10.931;60.1988;289
;1576555;10.949;60.1993;231
;1576556;10.967;60.1999;178
;1576557;10.985;60.2004;148
;1576558;11.003;60.201;177
;1576559;11.021;60.2015;179
;1576560;11.039;60.202;180
;1576561;11.057;60.2026;178
;1576562;11.075;60.2031;203
;1576563;11.093;60.2036;206
;1577534;7.0863;60.0151;1477
;1577535;7.1041;60.0161;1478
;1577536;7.1219;60.0172;1532
;1577537;7.1396;60.0183;1451
;1577538;7.1574;60.0193;1391
;1577539;7.1752;60.0204;1546
;1577540;7.193;60.0214;1436
;1577541;7.2107;60.0225;1352
;1577542;7.2285;60.0235;1386
;1577543;7.2463;60.0246;1341
;1577544;7.2641;60.0256;1212
;1577545;7.2818;60.0267;1147
;1577546;7.2996;60.0277;1147
;1577547;7.3174;60.0288;1155
;1577548;7.3352;60.0298;1139
;1577549;7.353;60.0308;1134
;1577550;7.3708;60.0319;1191
;1577551;7.3885;60.0329;1221
;1577552;7.4063;60.0339;1204
;1577553;7.4241;60.035;1140
;1577554;7.4419;60.036;1109
;1577555;7.4597;60.037;1110
;1577556;7.4775;60.038;1179
;1577557;7.4953;60.0391;1236
;1577558;7.5131;60.0401;1227
;1577559;7.5309;60.0411;1125
;1577560;7.5487;60.0421;1178
;1577561;7.5665;60.0431;1273
;1577562;7.5843;60.0441;1152
;1577563;7.6021;60.0451;1239
;1577564;7.6199;60.0461;1270
;1577565;7.6377;60.0471;1289
;1577566;7.6555;60.0481;1290
;1577567;7.6733;60.0491;1271
;1577568;7.6911;60.0501;1360
;1577569;7.7089;60.0511;1336
;1577570;7.7267;60.0521;1207
;1577571;7.7446;60.053;1177
;1577572;7.7624;60.054;1227
;1577573;7.7802;60.055;1297
;1577574;7.798;60.056;1239
;1577575;7.8158;60.057;1282
;1577576;7.8337;60.0579;1299
;1577659;9.3166;60.1302;761
;1577744;10.8422;60.187;523
;1577745;10.8602;60.1876;538
;1577746;10.8782;60.1881;390
;1577747;10.8961;60.1887;319
;1577748;10.9141;60.1893;319
;1577749;10.9321;60.1898;365
;1577750;10.9501;60.1904;325
;1577751;10.9681;60.1909;241
;1577752;10.9861;60.1915;157
;1577753;11.0041;60.192;161
;1577754;11.0221;60.1925;159
;1577755;11.0401;60.1931;156
;1577756;11.058;60.1936;182
;1577757;11.076;60.1942;201
;1577758;11.094;60.1947;200
;1578733;7.1595;60.0104;1482
;1578735;7.1951;60.0125;1403
;1578736;7.2128;60.0136;1368
;1578737;7.2306;60.0146;1246
;1578738;7.2484;60.0157;1216
;1578739;7.2662;60.0167;1164
;1578740;7.2839;60.0178;1147
;1578741;7.3017;60.0188;1187
;1578742;7.3195;60.0199;1239
;1578743;7.3373;60.0209;1250
;1578744;7.3551;60.0219;1263
;1578745;7.3728;60.023;1285
;1578746;7.3906;60.024;1283
;1578747;7.4084;60.025;1280
;1578748;7.4262;60.0261;1247
;1578749;7.444;60.0271;1209
;1578750;7.4618;60.0281;1106
;1578751;7.4795;60.0291;1095
;1578752;7.4973;60.0302;1095
;1578753;7.5151;60.0312;1079
;1578754;7.5329;60.0322;1076
;1578755;7.5507;60.0332;1079
;1578756;7.5685;60.0342;1113
;1578757;7.5863;60.0352;1079
;1578758;7.6041;60.0362;1113
;1578759;7.6219;60.0372;1237
;1578760;7.6397;60.0382;1257
;1578761;7.6575;60.0392;1301
;1578762;7.6753;60.0402;1198
;1578763;7.6931;60.0412;1304
;1578764;7.7109;60.0422;1297
;1578765;7.7287;60.0432;1203
;1578766;7.7465;60.0441;1167
;1578767;7.7643;60.0451;1226
;1578768;7.7821;60.0461;1296
;1578941;10.8793;60.1792;389
;1578942;10.8973;60.1797;343
;1578943;10.9152;60.1803;408
;1578944;10.9332;60.1809;382
;1578945;10.9512;60.1814;348
;1578946;10.9692;60.182;280
;1578947;10.9872;60.1825;201
;1578948;11.0052;60.183;137
;1578949;11.0231;60.1836;154
;1578950;11.0411;60.1841;165
;1578951;11.0591;60.1847;181
;1578952;11.0771;60.1852;200
;1578953;11.0951;60.1857;202
;1578954;11.1131;60.1863;204
;1578955;11.1311;60.1868;209
;1579932;7.2327;60.0058;1347
;1579933;7.2505;60.0068;1315
;1579934;7.2682;60.0078;1215
;1579935;7.286;60.0089;1257
;1579936;7.3038;60.0099;1274
;1579937;7.3216;60.011;1324
;1579938;7.3393;60.012;1315
;1579939;7.3571;60.0131;1267
;1579940;7.3749;60.0141;1361
;1579941;7.3927;60.0151;1398
;1579942;7.4104;60.0161;1294
;1579943;7.4282;60.0172;1331
;1579944;7.446;60.0182;1265
;1579945;7.4638;60.0192;1184
;1579946;7.4816;60.0202;1140
;1579947;7.4994;60.0212;1130
;1579948;7.5171;60.0223;1152
;1579949;7.5349;60.0233;1100
;1579950;7.5527;60.0243;1101
;1579951;7.5705;60.0253;1094
;1579952;7.5883;60.0263;1090
;1579953;7.6061;60.0273;1072
;1579954;7.6239;60.0283;1072
;1579955;7.6417;60.0293;1072
;1579956;7.6595;60.0303;1209
;1579957;7.6773;60.0313;1056
;1579958;7.6951;60.0323;1074
;1579959;7.7129;60.0333;1314
;1579960;7.7307;60.0342;1297
;1579961;7.7485;60.0352;1054
;1579962;7.7663;60.0362;1146
;1579963;7.7841;60.0372;1239
;1579964;7.8019;60.0382;1285
;1580138;10.9164;60.1713;436
;1580140;10.9523;60.1724;371
;1580141;10.9703;60.173;282
;1580142;10.9883;60.1735;178
;1580143;11.0063;60.1741;164
;1580144;11.0242;60.1746;140
;1580145;11.0422;60.1752;176
;1580146;11.0602;60.1757;133
;1580147;11.0782;60.1762;198
;1580148;11.0962;60.1768;200
;1580149;11.1141;60.1773;204
;1580150;11.1321;60.1778;207
;1580151;11.1501;60.1783;210
;1581129;7.2703;59.999;1245
;1581130;7.2881;60;1241
;1581131;7.3059;60.001;1282
;1581133;7.3414;60.0031;1273
;1581134;7.3592;60.0042;1279
;1581135;7.3769;60.0052;1349
;1581136;7.3947;60.0062;1310
;1581137;7.4125;60.0072;1346
;1581138;7.4303;60.0083;1259
;1581139;7.4481;60.0093;1232
;1581140;7.4658;60.0103;1238
;1581141;7.4836;60.0113;1282
;1581142;7.5014;60.0123;1262
;1581143;7.5192;60.0134;1158
;1581144;7.537;60.0144;1191
;1581145;7.5547;60.0154;1206
;1581146;7.5725;60.0164;1214
;1581147;7.5903;60.0174;1280
;1581148;7.6081;60.0184;1291
;1581149;7.6259;60.0194;1145
;1581150;7.6437;60.0204;1200
;1581151;7.6615;60.0214;1078
;1581152;7.6793;60.0224;1105
;1581153;7.6971;60.0234;1091
;1581154;7.7149;60.0244;1042
;1581155;7.7327;60.0253;1092
;1581156;7.7505;60.0263;1031
;1581157;7.7682;60.0273;1026
;1581158;7.786;60.0283;1102
;1581159;7.8039;60.0293;1182
;1581160;7.8217;60.0302;1066
;1581336;10.9714;60.164;307
;1581337;10.9894;60.1646;213
;1581338;11.0073;60.1651;180
;1581339;11.0253;60.1657;164
;1581340;11.0433;60.1662;144
;1581341;11.0613;60.1667;142
;1581342;11.0792;60.1673;163
;1581343;11.0972;60.1678;164
;1581344;11.1152;60.1683;203
;1581345;11.1332;60.1689;200
;1581346;11.1512;60.1694;204
;1582331;7.3968;59.9973;1329
;1582332;7.4145;59.9983;1318
;1582333;7.4323;59.9994;1291
;1582334;7.4501;60.0004;1331
;1582335;7.4679;60.0014;1259
;1582336;7.4856;60.0024;1258
;1582337;7.5034;60.0034;1261
;1582338;7.5212;60.0045;1232
;1582339;7.539;60.0055;1293
;1582340;7.5567;60.0065;1256
;1582341;7.5745;60.0075;1268
;1582342;7.5923;60.0085;1384
;1582343;7.6101;60.0095;1408
;1582344;7.6279;60.0105;1417
;1582345;7.6457;60.0115;1205
;1582346;7.6635;60.0125;1151
;1582347;7.6813;60.0135;1338
;1582348;7.699;60.0145;1237
;1582349;7.7168;60.0154;1049
;1582350;7.7346;60.0164;1056
;1582351;7.7524;60.0174;1117
;1582352;7.7702;60.0184;1043
;1582353;7.788;60.0194;1026
;1582354;7.8058;60.0203;1028
;1582355;7.8236;60.0213;1008
;1582356;7.8414;60.0223;1018
;1582357;7.8592;60.0233;1176
;1582531;10.9725;60.1551;349
;1582532;10.9905;60.1556;246
;1582533;11.0084;60.1562;179
;1582534;11.0264;60.1567;157
;1582535;11.0444;60.1572;170
;1582536;11.0623;60.1578;107
;1582537;11.0803;60.1583;179
;1582538;11.0983;60.1588;165
;1582539;11.1163;60.1594;200
;1582540;11.1342;60.1599;203
;1583526;7.3988;59.9884;1388
;1583527;7.4166;59.9894;1338
;1583528;7.4344;59.9905;1340
;1583529;7.4521;59.9915;1271
;1583530;7.4699;59.9925;1259
;1583531;7.4877;59.9935;1255
;1583532;7.5054;59.9945;1250
;1583533;7.5232;59.9956;1255
;1583534;7.541;59.9966;1274
;1583535;7.5588;59.9976;1343
;1583536;7.5765;59.9986;1356
;1583537;7.5943;59.9996;1390
;1583538;7.6121;60.0006;1359
;1583539;7.6299;60.0016;1356
;1583540;7.6477;60.0026;1327
;1583541;7.6654;60.0036;1169
;1583542;7.6832;60.0046;1173
;1583543;7.701;60.0056;1261
;1583544;7.7188;60.0065;1326
;1583545;7.7366;60.0075;1303
;1583546;7.7544;60.0085;1317
;1583547;7.7722;60.0095;1104
;1583548;7.79;60.0105;1043
;1583549;7.8078;60.0114;1117
;1583550;7.8255;60.0124;1099
;1583551;7.8433;60.0134;1066
;1583727;10.9916;60.1467;332
;1583728;11.0095;60.1472;186
;1583729;11.0275;60.1478;142
;1583730;11.0454;60.1483;172
;1583731;11.0634;60.1488;175
;1583732;11.0814;60.1494;165
;1583733;11.0993;60.1499;182
;1583734;11.1173;60.1504;185
;1584721;7.4009;59.9795;1389
;1584722;7.4186;59.9805;1362
;1584723;7.4364;59.9816;1370
;1584724;7.4542;59.9826;1327
;1584725;7.4719;59.9836;1293
;1584726;7.4897;59.9846;1305
;1584727;7.5075;59.9856;1306
;1584728;7.5252;59.9867;1301
;1584729;7.543;59.9877;1307
;1584730;7.5608;59.9887;1274
;1584731;7.5785;59.9897;1314
;1584732;7.5963;59.9907;1403
;1584733;7.6141;59.9917;1360
;1584734;7.6319;59.9927;1218
;1584735;7.6497;59.9937;1177
;1584736;7.6674;59.9947;1208
;1584737;7.6852;59.9957;1295
;1584738;7.703;59.9966;1314
;1584739;7.7208;59.9976;1296
;1584740;7.7386;59.9986;1332
;1584741;7.7563;59.9996;1342
;1584742;7.7741;60.0006;1271
;1584743;7.7919;60.0016;1123
;1584744;7.8097;60.0025;1105
;1584745;7.8275;60.0035;1133
;1584746;7.8453;60.0045;1205
;1584922;10.9926;60.1377;336
;1584923;11.0106;60.1383;215
;1584924;11.0286;60.1388;177
;1584925;11.0465;60.1393;160
;1584926;11.0645;60.1399;160
;1584927;11.0824;60.1404;159
;1584928;11.1004;60.1409;156
;1585917;7.4207;59.9716;1425
;1585918;7.4384;59.9727;1394
;1585919;7.4562;59.9737;1344
;1585920;7.474;59.9747;1316
;1585921;7.4917;59.9757;1300
;1585922;7.5095;59.9767;1295
;1585923;7.5272;59.9777;1293
;1585924;7.545;59.9788;1314
;1585925;7.5628;59.9798;1319
;1585926;7.5806;59.9808;1239
;1585927;7.5983;59.9818;1383
;1585928;7.6161;59.9828;1245
;1585929;7.6339;59.9838;1166
;1585930;7.6516;59.9848;1316
;1585931;7.6694;59.9858;1367
;1585932;7.6872;59.9868;1280
;1585933;7.7049;59.9877;1367
;1585934;7.7227;59.9887;1383
;1585935;7.7405;59.9897;1361
;1585936;7.7583;59.9907;1330
;1585937;7.7761;59.9917;1375
;1585938;7.7938;59.9926;1254
;1585939;7.8116;59.9936;1222
;1585940;7.8294;59.9946;1186
;1587116;7.4938;59.9668;1356
;1587117;7.5115;59.9678;1338
;1587118;7.5293;59.9688;1301
;1587119;7.547;59.9699;1304
;1587120;7.5648;59.9709;1248
;1587121;7.5826;59.9719;1348
;1587122;7.6003;59.9729;1254
;1587123;7.6181;59.9739;1317
;1587124;7.6358;59.9749;1168
;1587125;7.6536;59.9759;1291
;1587126;7.6714;59.9769;1312
;1587127;7.6891;59.9778;1397
;1587128;7.7069;59.9788;1329
;1587129;7.7247;59.9798;1426
;1587130;7.7425;59.9808;1421
;1587131;7.7603;59.9818;1353
;1587132;7.778;59.9828;1325
;1587133;7.7958;59.9837;1361
;1587134;7.8136;59.9847;1317
;1587136;7.8491;59.9867;1323
;1588313;7.5313;59.9599;1323
;1588314;7.549;59.961;1373
;1588315;7.5668;59.962;1340
;1588316;7.5845;59.963;1315
;1588317;7.6023;59.964;1188
;1588318;7.6201;59.965;1316
;1588319;7.6378;59.966;1173
;1588320;7.6556;59.967;1319
;1588321;7.6734;59.9679;1358
;1588322;7.6911;59.9689;1414
;1588323;7.7089;59.9699;1329
;1588324;7.7267;59.9709;1423
;1588325;7.7444;59.9719;1401
;1588326;7.7622;59.9729;1360
;1589508;7.5333;59.951;1342
;1589509;7.5511;59.952;1275
;1589510;7.5688;59.9531;1275
;1589511;7.5866;59.9541;1286
;1589512;7.6043;59.9551;1178
;1589513;7.6221;59.9561;1177
;1589514;7.6398;59.9571;1235
;1589515;7.6576;59.9581;1344
;1589516;7.6753;59.959;1410
;1589517;7.6931;59.96;1385
;1589518;7.7109;59.961;1329
;1589519;7.7286;59.962;1338
;1589520;7.7464;59.963;1361
;1589521;7.7642;59.964;1414
;1590702;7.5176;59.9411;1365
;1590703;7.5353;59.9421;1357
;1590704;7.5531;59.9431;1398
;1590705;7.5708;59.9442;1337
;1590706;7.5886;59.9452;1309
;1590707;7.6063;59.9462;1193
;1590708;7.6241;59.9472;1192
;1590709;7.6418;59.9482;1242
;1590710;7.6596;59.9491;1394
;1590711;7.6773;59.9501;1476
;1590712;7.6951;59.9511;1479
;1590713;7.7128;59.9521;1418
;1590714;7.7306;59.9531;1329
;1590715;7.7483;59.9541;1359
;1590716;7.7661;59.9551;1405
;1591903;7.626;59.9382;1210
;1591904;7.6438;59.9392;1261
;1591905;7.6615;59.9402;1414
;1591906;7.6793;59.9412;1394
;1591907;7.697;59.9422;1422
;1591908;7.7148;59.9432;1384
;1591909;7.7326;59.9442;1392
;1591910;7.7503;59.9452;1432
;1591911;7.7681;59.9462;1402
;1591912;7.7858;59.9471;1438
;1593099;7.6458;59.9303;1284
;1593100;7.6635;59.9313;1292
;1593101;7.6813;59.9323;1310
;1593102;7.699;59.9333;1354
;1593103;7.7168;59.9343;1448
;1593104;7.7345;59.9353;1383
;1593105;7.7523;59.9363;1417
;1593106;7.77;59.9372;1385
;1594295;7.6655;59.9224;1316
;1594296;7.6832;59.9234;1404
;1594297;7.701;59.9244;1383
;1594298;7.7187;59.9254;1414
;1594299;7.7365;59.9264;1413
;1594300;7.7542;59.9274;1494
;1594301;7.7719;59.9283;1387
;1594302;7.7897;59.9293;1414
;1595490;7.6675;59.9135;1383
;1595491;7.6852;59.9145;1376
;1595492;7.7029;59.9155;1410
;1595493;7.7207;59.9165;1390
;1595494;7.7384;59.9175;1496
;1595495;7.7562;59.9185;1469
;1596686;7.6872;59.9056;1414
;1596687;7.7049;59.9066;1386
;1596688;7.7226;59.9076;1385
;1596689;7.7404;59.9086;1385
;1596690;7.7581;59.9095;1385
;1596691;7.7758;59.9105;1385
;1597882;7.7069;59.8977;1426
;1597883;7.7246;59.8987;1451
;1597884;7.7423;59.8997;1451
;1597885;7.7601;59.9006;1428
;1597886;7.7778;59.9016;1398
;1599077;7.7088;59.8888;1461
;1599078;7.7266;59.8898;1453
;1599079;7.7443;59.8907;1449
;1599080;7.762;59.8917;1400
;1599081;7.7797;59.8927;1391
;1600272;7.7108;59.8799;1491
;1600273;7.7285;59.8809;1462
;1601467;7.7127;59.871;1520
;1629059;9.6479;59.7571;499
;1629060;9.6656;59.7578;408
;1629061;9.6833;59.7586;354
;1630254;9.6493;59.7482;608
;1630255;9.667;59.7489;392
;1630256;9.6847;59.7496;338
;1631449;9.6507;59.7392;615
;1631450;9.6684;59.74;361
;1631451;9.6861;59.7407;345
;1631452;9.7039;59.7414;298
;1632644;9.6522;59.7303;578
;1632645;9.6699;59.731;401
;1632646;9.6876;59.7317;334
;1632647;9.7053;59.7324;313
;1633840;9.6713;59.7221;404
;1633841;9.689;59.7228;319
;1633842;9.7067;59.7235;329
;1635035;9.6727;59.7131;434
;1635036;9.6904;59.7138;306
;1635037;9.7081;59.7146;326
;1635038;9.7258;59.7153;300
;1635039;9.7435;59.716;300
;1636230;9.6741;59.7042;386
;1636231;9.6918;59.7049;282
;1636232;9.7095;59.7056;284
;1636233;9.7272;59.7063;274
;1636234;9.7449;59.707;243
;1636235;9.7626;59.7078;189
;1637425;9.6756;59.6952;327
;1637426;9.6932;59.696;256
;1637427;9.7109;59.6967;283
;1637428;9.7286;59.6974;236
;1637429;9.7463;59.6981;182
;1637430;9.764;59.6988;161
;1637431;9.7817;59.6995;124
;1638620;9.677;59.6863;257
;1638621;9.6947;59.687;252
;1638622;9.7123;59.6877;222
;1638623;9.73;59.6885;197
;1638624;9.7477;59.6892;173
;1638625;9.7654;59.6899;121
;1639815;9.6784;59.6774;261
;1639816;9.6961;59.6781;227
;1639817;9.7138;59.6788;207
;1639818;9.7315;59.6795;189
;1639819;9.7491;59.6802;134
;1641011;9.6975;59.6691;220
;1641012;9.7152;59.6699;200
;1641013;9.7329;59.6706;198
;1642206;9.6989;59.6602;225
