ncols         1195
nrows         1550
xllcorner     -75000
yllcorner     6.45e+06
cellsize      1000
NODATA_value  -9999
# Number of landscape elements :  65
         0     1348121     1000000.0000   1871.0000      0.0000    100.0000           0      0.0000           1      0.0000           0      1.0000           0      1.0000  
         1     1349315     1000000.0000   1760.0000      0.0000    100.0000           0      0.0000           1      0.0000           0      1.0000           0      1.0000  
         2     1349316     1000000.0000   1806.0000      0.0000    100.0000           0      0.0000           1      0.0000           0      1.0000           0      1.0000  
         3     1349317     1000000.0000   1806.0000      0.0000    100.0000           0      0.0000           1      0.0000           0      1.0000           0      1.0000  
         4     1350508     1000000.0000   1672.0000      0.0000    100.0000           0      0.0000           1      0.0000           0      1.0000           0      1.0000  
         5     1350509     1000000.0000   1670.0000      0.0000    100.0000           0      0.0000           1      0.0000           0      1.0000           0      1.0000  
         6     1350510     1000000.0000   1670.0000      0.0000    100.0000           0      0.0000           1      0.0000           0      1.0000           0      1.0000  
         7     1350511     1000000.0000   1720.0000      0.0000    100.0000           0      0.0000           1      0.0000           0      1.0000           0      1.0000  
         8     1350512     1000000.0000   1727.0000      0.0000    100.0000           0      0.0000           1      0.0000           0      1.0000           0      1.0000  
         9     1351702     1000000.0000   1693.0000      0.0000    100.0000           0      0.0000           1      0.0000           0      1.0000           0      1.0000  
        10     1351703     1000000.0000   1650.0000      0.0000    100.0000           0      0.0000           1      0.0000           0      1.0000           0      1.0000  
        11     1351704     1000000.0000   1627.0000      0.0000    100.0000           0      0.0000           1      0.0000           0      1.0000           0      1.0000  
        12     1351705     1000000.0000   1546.0000      0.0000    100.0000           0      0.0000           1      0.0000           0      1.0000           0      1.0000  
        13     1351706     1000000.0000   1540.0000      0.0000    100.0000           0      0.0000           1      0.0000           0      1.0000           0      1.0000  
        14     1351707     1000000.0000   1631.0000      0.0000    100.0000           0      0.0000           1      0.0000           0      1.0000           0      1.0000  
        15     1352896     1000000.0000   1709.0000      0.0000    100.0000           0      0.0000           1      0.0000           0      1.0000           0      1.0000  
        16     1352897     1000000.0000   1655.0000      0.0000    100.0000           0      0.0000           1      0.0000           0      1.0000           0      1.0000  
        17     1352898     1000000.0000   1595.0000      0.0000    100.0000           0      0.0000           1      0.0000           0      1.0000           0      1.0000  
        18     1352899     1000000.0000   1494.0000      0.0000    100.0000           0      0.0000           1      0.0000           0      1.0000           0      1.0000  
        19     1352900     1000000.0000   1430.0000      0.0000    100.0000           0      0.0000           1      0.0000           0      1.0000           0      1.0000  
        20     1352901     1000000.0000   1430.0000      0.0000    100.0000           0      0.0000           1      0.0000           0      1.0000           0      1.0000  
        21     1352902     1000000.0000   1620.0000      0.0000     82.0000           5     18.0000           1      0.0000           0      1.0000           0      1.0000  
        22     1354090     1000000.0000   1780.0000      0.0000    100.0000           0      0.0000           1      0.0000           0      1.0000           0      1.0000  
        23     1354091     1000000.0000   1760.0000      0.0000    100.0000           0      0.0000           1      0.0000           0      1.0000           0      1.0000  
        24     1354092     1000000.0000   1710.0000      0.0000    100.0000           0      0.0000           1      0.0000           0      1.0000           0      1.0000  
        25     1354093     1000000.0000   1620.0000      0.0000    100.0000           0      0.0000           1      0.0000           0      1.0000           0      1.0000  
        26     1354094     1000000.0000   1540.0000      0.0000    100.0000           0      0.0000           1      0.0000           0      1.0000           0      1.0000  
        27     1354095     1000000.0000   1300.0000      0.0000     94.0000           5      6.0000           1      0.0000           0      1.0000           0      1.0000  
        28     1354096     1000000.0000   1307.0000      0.0000     82.0000           5     18.0000           1      0.0000           0      1.0000           0      1.0000  
        29     1354097     1000000.0000   1490.0000      0.0000     73.0000           5     27.0000           1      0.0000           0      1.0000           0      1.0000  
        30     1354098     1000000.0000   1540.0000      0.0000     88.0000           5     12.0000           1      0.0000           0      1.0000           0      1.0000  
        31     1355285     1000000.0000   1845.0000      0.0000    100.0000           0      0.0000           1      0.0000           0      1.0000           0      1.0000  
        32     1355286     1000000.0000   1794.0000      0.0000    100.0000           0      0.0000           1      0.0000           0      1.0000           0      1.0000  
        33     1355287     1000000.0000   1747.0000      0.0000    100.0000           0      0.0000           1      0.0000           0      1.0000           0      1.0000  
        34     1355288     1000000.0000   1606.0000      0.0000    100.0000           0      0.0000           1      0.0000           0      1.0000           0      1.0000  
        35     1355289     1000000.0000   1460.0000      0.0000    100.0000           0      0.0000           1      0.0000           0      1.0000           0      1.0000  
        36     1355290     1000000.0000   1073.0000      0.0000     73.0000           5     27.0000           1      0.0000           0      1.0000           0      1.0000  
        37     1355291     1000000.0000   1200.0000      0.0000     45.0000           5     55.0000           1      0.0000           0      1.0000           0      1.0000  
        38     1355292     1000000.0000   1320.0000      0.0000     32.0000           5     68.0000           1      0.0000           0      1.0000           0      1.0000  
        39     1355293     1000000.0000   1453.0000      0.0000     76.0000           5     24.0000           1      0.0000           0      1.0000           0      1.0000  
        40     1355294     1000000.0000   1580.0000      0.0000     92.0000           5      8.0000           1      0.0000           0      1.0000           0      1.0000  
        41     1356481     1000000.0000   1787.0000      0.0000    100.0000           0      0.0000           1      0.0000           0      1.0000           0      1.0000  
        42     1356482     1000000.0000   1690.0000      0.0000    100.0000           0      0.0000           1      0.0000           0      1.0000           0      1.0000  
        43     1356483     1000000.0000   1600.0000      0.0000    100.0000           0      0.0000           1      0.0000           0      1.0000           0      1.0000  
        44     1356484     1000000.0000   1500.0000      0.0000    100.0000           0      0.0000           1      0.0000           0      1.0000           0      1.0000  
        45     1356485     1000000.0000   1140.0000      0.0000     58.0000           5     42.0000           1      0.0000           0      1.0000           0      1.0000  
        46     1356486     1000000.0000    880.0000      0.0000     62.0000           5     38.0000           1      0.0000           0      1.0000           0      1.0000  
        47     1356487     1000000.0000    700.0000      0.0000     71.0000           4     23.2000           3      5.8000           0      1.0000           0      1.0000  
        48     1356488     1000000.0000   1090.0000      0.0000      8.0000           5     92.0000           1      0.0000           0      1.0000           0      1.0000  
        49     1356489     1000000.0000   1460.0000      0.0000     64.0000           5     36.0000           1      0.0000           0      1.0000           0      1.0000  
        50     1357679     1000000.0000   1625.0000      0.0000     81.0000           5     19.0000           1      0.0000           0      1.0000           0      1.0000  
        51     1357680     1000000.0000   1514.0000      0.0000     74.0000           5     26.0000           1      0.0000           0      1.0000           0      1.0000  
        52     1357681     1000000.0000   1120.0000      0.0000      3.0000           5     97.0000           1      0.0000           0      1.0000           0      1.0000  
        53     1357682     1000000.0000    528.0000      0.0000     39.0000           0     61.0000           1      0.0000           0      1.0000           0      1.0000  
        54     1357683     1000000.0000    664.0000      0.0000      3.0000           4     77.6000           3     19.4000           0      1.0000           0      1.0000  
        55     1357684     1000000.0000   1033.0000      0.0000      0.0000           4     78.4000           3     21.6000           0      1.0000           0      1.0000  
        56     1357685     1000000.0000   1310.0000      0.0000     12.0000           5     88.0000           1      0.0000           0      1.0000           0      1.0000  
        57     1358875     1000000.0000   1513.0000      0.0000     74.0000           5     26.0000           1      0.0000           0      1.0000           0      1.0000  
        58     1358876     1000000.0000   1400.0000      0.0000     28.0000           5     72.0000           1      0.0000           0      1.0000           0      1.0000  
        59     1358877     1000000.0000    820.0000      0.0000      0.0000           4     50.0000           5     50.0000           0      1.0000           0      1.0000  
        60     1358878     1000000.0000    400.0000     11.0000      0.0000           0     82.0000           2      7.0000           0      1.0000           0      1.0000  
        61     1358879     1000000.0000    285.0000     26.0000      0.0000           0     44.0000           2     30.0000           0      1.0000           0      1.0000  
        62     1360072     1000000.0000   1400.0000      0.0000      0.0000           5    100.0000           1      0.0000           0      1.0000           0      1.0000  
        63     1360073     1000000.0000   1060.0000      0.0000      0.0000           4     64.0000           3     36.0000           0      1.0000           0      1.0000  
        64     1360074     1000000.0000    460.0000     13.0000      0.0000           0     57.0000           2     30.0000           0      1.0000           0      1.0000  

