#  760005  #  65
0  1348121
1  1349315
2  1349316
3  1349317
4  1350508
5  1350509
6  1350510
7  1350511
8  1350512
9  1351702
10  1351703
11  1351704
12  1351705
13  1351706
14  1351707
15  1352896
16  1352897
17  1352898
18  1352899
19  1352900
20  1352901
21  1352902
22  1354090
23  1354091
24  1354092
25  1354093
26  1354094
27  1354095
28  1354096
29  1354097
30  1354098
31  1355285
32  1355286
33  1355287
34  1355288
35  1355289
36  1355290
37  1355291
38  1355292
39  1355293
40  1355294
41  1356481
42  1356482
43  1356483
44  1356484
45  1356485
46  1356486
47  1356487
48  1356488
49  1356489
50  1357679
51  1357680
52  1357681
53  1357682
54  1357683
55  1357684
56  1357685
57  1358875
58  1358876
59  1358877
60  1358878
61  1358879
62  1360072
63  1360073
64  1360074

