 Index of grid cells relative to upper left corner of rectangle with no. of rows = 1550 and no. of columns = 1195
          1348121  
          1349315  
          1349316  
          1349317  
          1350508  
          1350509  
          1350510  
          1350511  
          1350512  
          1351702  
          1351703  
          1351704  
          1351705  
          1351706  
          1351707  
          1352896  
          1352897  
          1352898  
          1352899  
          1352900  
          1352901  
          1352902  
          1354090  
          1354091  
          1354092  
          1354093  
          1354094  
          1354095  
          1354096  
          1354097  
          1354098  
          1355285  
          1355286  
          1355287  
          1355288  
          1355289  
          1355290  
          1355291  
          1355292  
          1355293  
          1355294  
          1356481  
          1356482  
          1356483  
          1356484  
          1356485  
          1356486  
          1356487  
          1356488  
          1356489  
          1357679  
          1357680  
          1357681  
          1357682  
          1357683  
          1357684  
          1357685  
          1358875  
          1358876  
          1358877  
          1358878  
          1358879  
          1360072  
          1360073  
          1360074  
