
Meteorological stations: 
3
3
Prec.    
5608  334269  6.86062e+06  242
5609  334269  6.86062e+06  475
5610  334269  6.86062e+06  625
Temp.    
5608  334269  6.86062e+06  242
5609  334269  6.86062e+06  475
5617  334269  6.86062e+06  625

Common parameters: 
86400
3
3
0.998985
1
0
1.12329
1
-0.890829
-0.890829
30
1.03645e-05
0.00512028
0
1
0.2
0
0.05
0
0
0
244

Land surface parameters: 
0.000500317    1.03731e-05    0.8    0    0.0943445    0.00334668    0.005    0.01    0.08    0.9    0
1  1  1  1  1  1  1  1  1  
0.000500317    1.03731e-05    0.8    0    0.0943445    0.00334668    0.005    0.01    0.08    0.9    0
1  1  1  1  1  1  1  1  1  
0.000500165    1.03645e-05    0.8    0    0.0787039    0.00279896    0.005    0.01    0.08    0.9    0
1  1  1  1  1  1  1  1  1  
0.000500165    1.03645e-05    0.8    0    0.0787039    0.00279896    0.005    0.01    0.08    0.9    0
1  1  1  1  1  1  1  1  1  
0.000500317    1.03731e-05    0.8    0    0.0943445    0.00334668    0.005    0.01    0.08    0.9    0
1  1  1  1  1  1  1  1  1  
0.000500317    1.03731e-05    0.8    0    0.0943445    0.00334668    0.005    0.01    0.08    0.9    0
1  1  1  1  1  1  1  1  1  
0.000500317    1.03731e-05    0.8    0    0.0943445    0.00334668    0.005    0.01    0.08    0.9    0
1  1  1  1  1  1  1  1  1  
0.000500317    1.03731e-05    0.8    0    0.0943445    0.00334668    0.005    0.01    0.08    0.9    0
1  1  1  1  1  1  1  1  1  
0.000500317    1.03731e-05    0.8    0    0.0943445    0.00334668    0.005    0.01    0.08    0.9    0
1  1  1  1  1  1  1  1  1  
0.000500317    1.03731e-05    0.8    0    0.0943445    0.00334668    0.005    0.01    0.08    0.9    0
1  1  1  1  1  1  1  1  1  
0.000500317    1.03731e-05    0.8    0    0.0943445    0.00334668    0.005    0.01    0.08    0.9    0
1  1  1  1  1  1  1  1  1  
0.000500317    1.03731e-05    0.8    0    0.0943445    0.00334668    0.005    0.01    0.08    0.9    0
1  1  1  1  1  1  1  1  1  
0.000500317    1.03731e-05    0.8    0    0.0943445    0.00334668    0.005    0.01    0.08    0.9    0
1  1  1  1  1  1  1  1  1  
0.000500317    1.03731e-05    0.8    0    0.0943445    0.00334668    0.005    0.01    0.08    0.9    0
1  1  1  1  1  1  1  1  1  
0.000500317    1.03731e-05    0.8    0    0.0943445    0.00334668    0.005    0.01    0.08    0.9    0
1  1  1  1  1  1  1  1  1  
0.000500317    1.03731e-05    0.8    0    0.0943445    0.00334668    0.005    0.01    0.08    0.9    0
1  1  1  1  1  1  1  1  1  
0.000500317    1.03731e-05    0.8    0    0.0943445    0.00334668    0.005    0.01    0.08    0.9    0
1  1  1  1  1  1  1  1  1  
0.000500317    1.03731e-05    0.8    0    0.0943445    0.00334668    0.005    0.01    0.08    0.9    0
1  1  1  1  1  1  1  1  1  
0.000500317    1.03731e-05    0.8    0    0.0943445    0.00334668    0.005    0.01    0.08    0.9    0
1  1  1  1  1  1  1  1  1  
0.000500317    1.03731e-05    0.8    0    0.0943445    0.00334668    0.005    0.01    0.08    0.9    0
1  1  1  1  1  1  1  1  1  
0.000500317    1.03731e-05    0.8    0    0.0943445    0.00334668    0.005    0.01    0.08    0.9    0
1  1  1  1  1  1  1  1  1  

Subsurface parameters: 
0.201655    1    2.00121    50    0.541038    1    0.001    0.00484131    0
0.201655    1    2.00121    50    0.541038    1    0.001    0.00484131    0
0.201755    1    2.00065    50    0.0832165    1    0.00213443    0.00512028    0
0.201755    1    2.00065    50    0.0832165    1    0.00213443    0.00512028    0
0.201655    1    2.00121    50    0.541038    1    0.001    0.00484131    0
0.201655    1    2.00121    50    0.541038    1    0.001    0.00484131    0
0.201655    1    2.00121    50    0.541038    1    0.001    0.00484131    0
0.201655    1    2.00121    50    0.541038    1    0.001    0.00484131    0
0.201655    1    2.00121    50    0.541038    1    0.001    0.00484131    0
0.201655    1    2.00121    50    0.541038    1    0.001    0.00484131    0
0.201655    1    2.00121    50    0.541038    1    0.001    0.00484131    0
0.201655    1    2.00121    50    0.541038    1    0.001    0.00484131    0
0.201655    1    2.00121    50    0.541038    1    0.001    0.00484131    0
0.201655    1    2.00121    50    0.541038    1    0.001    0.00484131    0
0.201655    1    2.00121    50    0.541038    1    0.001    0.00484131    0
0.201655    1    2.00121    50    0.541038    1    0.001    0.00484131    0
0.201655    1    2.00121    50    0.541038    1    0.001    0.00484131    0
0.201655    1    2.00121    50    0.541038    1    0.001    0.00484131    0
0.201655    1    2.00121    50    0.541038    1    0.001    0.00484131    0
0.201655    1    2.00121    50    0.541038    1    0.001    0.00484131    0
0.201655    1    2.00121    50    0.541038    1    0.001    0.00484131    0


Number of landscape elements selected for time series output: 2
0
3078

Precipitation and temperature correction for catchments: 
0  1220009  1  0
1  1220011  1  0
1220011   precCorr  1    tempCorr  0
1220009   precCorr  1    tempCorr  0

    Sub-catchment :  1220009

    Nash-Sutcliffe efficiency                           0.75
    Root mean square error                              57.58
    Bias (volume error)                                 0.00
    Pearson's product-moment correlation coefficient    0.76


    Sub-catchment :  1220011

    Nash-Sutcliffe efficiency                           0.73
    Root mean square error                              13.94
    Bias (volume error)                                 0.00
    Pearson's product-moment correlation coefficient    0.76


